0,1056,1
954,1389,1
953,59,1
950,950,1
949,202,1
948,1042,1
948,948,1
947,947,1
946,946,1
946,256,1
945,210,1
944,231,1
944,210,1
943,943,1
942,942,1
941,1246,1
941,1223,1
941,979,1
941,941,1
941,715,1
941,545,1
940,1311,1
940,997,1
940,940,1
939,939,1
937,937,1
936,1005,1
954,954,1
955,955,1
935,625,1
955,1014,1
979,214,1
979,138,1
978,1108,1
978,913,1
978,907,1
978,510,1
978,255,1
978,214,1
977,483,1
972,19,1
969,969,1
969,695,1
968,851,1
965,351,1
964,964,1
964,684,1
963,963,1
963,918,1
962,120,1
960,59,1
958,958,1
956,589,1
956,474,1
956,472,1
956,361,1
935,935,1
934,1005,1
1108,979,1
926,1471,1
922,922,1
921,921,1
920,920,1
919,919,1
918,963,1
917,1489,1
917,1463,1
917,1343,1
917,1248,1
917,917,1
917,868,1
917,735,1
917,695,1
917,678,1
917,440,1
916,916,1
915,1248,1
915,1025,1
915,1011,1
915,821,1
915,790,1
915,776,1
915,695,1
915,487,1
915,484,1
924,924,1
928,73,1
933,1389,1
928,619,1
933,1329,1
933,1234,1
933,1213,1
933,1123,1
933,884,1
933,624,1
931,546,1
931,541,1
931,497,1
931,459,1
931,135,1
931,12,1
931,6,1
930,1234,1
930,930,1
930,884,1
930,624,1
930,594,1
930,73,1
929,1005,1
928,1249,1
928,1212,1
928,1116,1
928,884,1
928,661,1
979,247,1
979,450,1
979,523,1
1000,608,1
1000,426,1
1000,391,1
1000,176,1
1000,170,1
999,1471,1
999,1389,1
999,1377,1
999,1293,1
999,1214,1
999,1116,1
999,1053,1
999,1048,1
999,1029,1
999,1024,1
999,1005,1
999,1001,1
999,1000,1
999,999,1
999,884,1
999,747,1
999,661,1
999,608,1
999,606,1
999,524,1
999,515,1
1000,524,1
1000,747,1
979,545,1
1000,999,1
1002,783,1
1002,760,1
1002,81,1
1001,1377,1
1001,1230,1
1001,1214,1
1001,1141,1
1001,1140,1
1001,1116,1
1001,1048,1
1001,1001,1
1001,999,1
1001,884,1
1001,747,1
1001,636,1
1001,624,1
1001,608,1
1001,515,1
1001,119,1
1000,1474,1
1000,1293,1
1000,1214,1
1000,1116,1
1000,1053,1
1000,1048,1
999,426,1
999,308,1
999,170,1
999,73,1
986,241,1
985,1118,1
985,569,1
984,1430,1
984,165,1
984,121,1
983,835,1
979,1422,1
979,1359,1
979,1247,1
979,1246,1
979,1218,1
979,1217,1
979,1156,1
979,1116,1
979,1108,1
979,1105,1
979,1025,1
979,1020,1
979,988,1
979,941,1
979,913,1
979,907,1
979,742,1
979,646,1
987,1008,1
988,979,1
989,510,1
991,1285,1
998,429,1
997,940,1
997,248,1
995,720,1
995,203,1
994,424,1
993,1223,1
992,1285,1
992,1278,1
992,1215,1
991,1288,1
991,1280,1
989,1342,1
991,1279,1
991,1278,1
991,1215,1
991,1088,1
991,990,1
991,569,1
990,1288,1
990,1285,1
990,1215,1
990,991,1
990,579,1
915,442,1
915,440,1
915,314,1
881,9,1
880,9,1
879,879,1
879,9,1
878,1455,1
878,1357,1
878,1056,1
878,695,1
878,692,1
878,687,1
878,614,1
878,593,1
878,510,1
878,159,1
877,1365,1
877,1330,1
877,1020,1
877,877,1
877,787,1
877,771,1
877,652,1
877,633,1
877,510,1
877,487,1
877,484,1
877,370,1
880,880,1
881,882,1
884,930,1
882,9,1
884,884,1
884,837,1
884,791,1
884,748,1
884,715,1
884,690,1
884,658,1
884,636,1
884,632,1
884,624,1
884,606,1
884,579,1
884,569,1
884,545,1
884,524,1
884,510,1
884,426,1
884,315,1
884,73,1
884,21,1
884,7,1
883,1403,1
883,1132,1
883,1131,1
882,881,1
877,355,1
877,258,1
877,208,1
877,68,1
873,1192,1
873,1126,1
873,1118,1
873,1014,1
873,873,1
873,872,1
873,853,1
873,813,1
873,792,1
873,717,1
873,685,1
873,663,1
873,612,1
873,611,1
873,600,1
873,596,1
873,577,1
873,567,1
873,535,1
873,483,1
873,409,1
873,224,1
873,134,1
873,133,1
873,9,1
873,1193,1
873,1194,1
873,1223,1
874,860,1
876,247,1
875,1158,1
875,1118,1
875,875,1
875,859,1
875,710,1
875,628,1
875,526,1
875,312,1
875,15,1
874,874,1
874,859,1
873,1238,1
874,706,1
874,666,1
874,663,1
874,618,1
874,526,1
874,312,1
874,216,1
874,120,1
874,28,1
873,1471,1
873,1441,1
884,928,1
884,933,1
914,914,1
901,710,1
901,638,1
901,251,1
900,1333,1
900,900,1
900,862,1
900,689,1
900,593,1
900,577,1
900,544,1
900,529,1
900,251,1
899,1365,1
899,1025,1
899,771,1
899,686,1
899,652,1
899,541,1
899,247,1
899,8,1
897,222,1
895,1401,1
895,1095,1
895,895,1
895,844,1
895,580,1
901,680,1
901,1042,1
884,999,1
901,1118,1
913,979,1
913,978,1
913,909,1
913,341,1
912,912,1
909,913,1
909,907,1
909,214,1
909,120,1
907,979,1
907,978,1
907,909,1
907,341,1
906,432,1
905,905,1
905,651,1
905,435,1
905,257,1
903,601,1
902,526,1
902,216,1
902,120,1
902,117,1
902,28,1
901,1431,1
895,526,1
895,237,1
894,241,1
893,1255,1
890,614,1
890,393,1
890,208,1
890,187,1
890,94,1
890,18,1
889,687,1
889,191,1
888,1132,1
888,888,1
887,1132,1
887,1122,1
887,585,1
887,553,1
887,94,1
886,155,1
884,1246,1
884,1230,1
884,1229,1
884,1228,1
884,1202,1
884,1132,1
884,1053,1
884,1010,1
884,1001,1
890,890,1
890,892,1
890,1091,1
892,1377,1
893,1121,1
893,893,1
893,871,1
893,614,1
893,541,1
893,509,1
893,408,1
893,393,1
893,352,1
893,187,1
893,50,1
892,1355,1
891,689,1
892,1009,1
892,892,1
892,890,1
892,614,1
892,569,1
892,541,1
892,448,1
892,393,1
892,363,1
892,187,1
891,1113,1
1002,1468,1
1003,655,1
1003,839,1
1059,624,1
1059,377,1
1059,73,1
1058,1343,1
1058,1248,1
1058,695,1
1058,637,1
1058,546,1
1058,510,1
1057,1324,1
1057,1212,1
1057,1057,1
1057,1011,1
1057,783,1
1057,31,1
1056,1441,1
1056,1426,1
1056,1056,1
1056,878,1
1056,694,1
1056,472,1
1056,0,1
1053,1377,1
1053,1214,1
1053,1059,1
1053,1053,1
1059,606,1
1059,825,1
1071,763,1
1059,1053,1
1071,558,1
1071,120,1
1071,117,1
1068,1068,1
1067,1259,1
1067,1067,1
1067,865,1
1067,531,1
1063,1441,1
1063,1063,1
1063,541,1
1062,1062,1
1062,727,1
1062,244,1
1061,1435,1
1061,1061,1
1060,1060,1
1060,582,1
1059,1434,1
1059,1389,1
1059,1377,1
1059,1214,1
1059,1204,1
1059,1116,1
1059,1059,1
1053,1000,1
1053,999,1
1053,884,1
1053,515,1
1043,1135,1
1043,784,1
1043,783,1
1043,677,1
1043,97,1
1043,21,1
1042,1470,1
1042,1421,1
1042,1042,1
1042,948,1
1042,901,1
1042,675,1
1042,15,1
1041,619,1
1041,440,1
1039,1453,1
1039,206,1
1038,1176,1
1038,1116,1
1038,658,1
1038,186,1
1037,1037,1
1036,1302,1
1036,771,1
1036,764,1
1043,1335,1
1044,610,1
1044,677,1
1049,764,1
1053,37,1
1052,1052,1
1052,115,1
1051,1116,1
1050,1444,1
1049,1489,1
1049,1346,1
1049,1293,1
1049,1049,1
1049,787,1
1049,774,1
1049,747,1
1046,535,1
1049,678,1
1049,569,1
1049,541,1
1049,484,1
1049,483,1
1048,1005,1
1048,1001,1
1048,1000,1
1048,999,1
1046,763,1
1046,567,1
1071,721,1
1073,56,1
1035,1035,1
1095,895,1
1094,1356,1
1093,1501,1
1093,314,1
1091,1091,1
1091,890,1
1091,94,1
1091,18,1
1090,1090,1
1089,1089,1
1089,237,1
1089,119,1
1089,73,1
1089,67,1
1088,991,1
1088,67,1
1087,1452,1
1087,1157,1
1087,1147,1
1087,1087,1
1087,1024,1
1087,841,1
1087,597,1
1086,1213,1
1086,222,1
1085,1444,1
1095,844,1
1095,1095,1
1073,1073,1
1096,153,1
1108,647,1
1108,594,1
1107,1134,1
1107,1107,1
1106,1369,1
1106,796,1
1105,1452,1
1105,1147,1
1105,1105,1
1105,979,1
1105,438,1
1104,1104,1
1103,440,1
1102,1317,1
1102,1223,1
1102,193,1
1101,1387,1
1101,1101,1
1101,811,1
1101,802,1
1098,1098,1
1098,783,1
1098,662,1
1097,1116,1
1096,179,1
1084,1455,1
1084,1365,1
1084,1158,1
1084,1157,1
1084,113,1
1084,20,1
1084,18,1
1084,13,1
1083,1083,1
1081,1406,1
1080,683,1
1080,536,1
1079,1418,1
1078,675,1
1077,1511,1
1077,1441,1
1077,1157,1
1077,1126,1
1077,1077,1
1077,792,1
1077,485,1
1077,483,1
1076,1076,1
1076,75,1
1075,1075,1
1075,542,1
1075,483,1
1074,1158,1
1074,1074,1
1084,294,1
1084,317,1
1084,440,1
1084,647,1
1084,1116,1
1084,1084,1
1084,1022,1
1084,1020,1
1084,776,1
1084,771,1
1084,710,1
1084,697,1
1084,674,1
1084,653,1
1084,652,1
1084,637,1
1084,483,1
1084,615,1
1084,586,1
1084,569,1
1084,543,1
1084,541,1
1084,536,1
1084,525,1
1084,509,1
1084,487,1
1084,486,1
1084,484,1
1036,717,1
1035,402,1
1003,1004,1
1014,638,1
1013,1342,1
1013,1013,1
1013,138,1
1013,109,1
1012,1502,1
1012,1140,1
1012,1114,1
1012,1012,1
1012,709,1
1012,661,1
1012,459,1
1011,1481,1
1011,1355,1
1011,1057,1
1011,1011,1
1011,915,1
1011,738,1
1011,586,1
1011,395,1
1011,388,1
1011,247,1
1010,1008,1
1010,884,1
1010,586,1
1010,501,1
1014,596,1
1014,873,1
1020,196,1
1014,955,1
1020,41,1
1020,33,1
1020,21,1
1020,20,1
1020,7,1
1019,1019,1
1019,1009,1
1019,655,1
1019,569,1
1019,68,1
1018,1158,1
1018,710,1
1018,483,1
1018,208,1
1017,1017,1
1017,1015,1
1017,483,1
1017,241,1
1016,1015,1
1015,1017,1
1015,1016,1
1015,1015,1
1015,528,1
1015,241,1
1014,1014,1
1010,113,1
1010,67,1
1010,20,1
1009,1234,1
1005,1284,1
1005,1213,1
1005,1204,1
1005,1116,1
1005,1048,1
1005,1024,1
1005,999,1
1005,936,1
1005,934,1
1005,929,1
1005,747,1
1005,686,1
1005,646,1
1005,636,1
1005,606,1
1005,594,1
1005,73,1
1004,1313,1
1004,1234,1
1004,1156,1
1004,1003,1
1004,655,1
1004,593,1
1004,152,1
1003,1313,1
1005,1377,1
1005,1394,1
1006,34,1
1009,484,1
1009,1019,1
1009,892,1
1009,842,1
1009,787,1
1009,771,1
1009,586,1
1009,568,1
1009,541,1
1009,501,1
1009,496,1
1009,486,1
1009,440,1
1008,68,1
1009,294,1
1009,258,1
1009,113,1
1008,1025,1
1008,1010,1
1008,987,1
1008,655,1
1008,569,1
1008,487,1
1008,240,1
1008,113,1
1020,113,1
1020,256,1
1035,268,1
1025,899,1
1025,738,1
1025,737,1
1025,686,1
1025,678,1
1025,646,1
1025,637,1
1025,586,1
1025,545,1
1025,509,1
1025,501,1
1025,487,1
1025,484,1
1025,483,1
1025,460,1
1025,440,1
1025,394,1
1025,364,1
1025,243,1
1025,193,1
1025,164,1
1025,39,1
1025,21,1
1025,20,1
1024,1116,1
1024,1087,1
1025,868,1
1025,915,1
1020,258,1
1025,979,1
1035,115,1
1034,594,1
1032,1418,1
1031,1230,1
1031,1031,1
1030,1030,1
1030,588,1
1029,1116,1
1029,1029,1
1029,999,1
1029,646,1
1029,426,1
1029,157,1
1027,1027,1
1026,1130,1
1026,1026,1
1025,1444,1
1025,1377,1
1025,1365,1
1025,1246,1
1025,1217,1
1025,1203,1
1025,1136,1
1025,1025,1
1025,1008,1
1024,1024,1
1024,1005,1
1024,999,1
1024,747,1
1020,1020,1
1020,979,1
1020,877,1
1020,697,1
1020,652,1
1020,633,1
1020,586,1
1020,569,1
1020,543,1
1020,541,1
1020,536,1
1020,523,1
1020,520,1
1020,509,1
1020,501,1
1020,485,1
1020,484,1
1020,458,1
1020,440,1
1020,405,1
1020,370,1
1020,351,1
1020,294,1
1020,281,1
1020,267,1
1020,1084,1
1020,1125,1
1020,1133,1
1022,1022,1
1024,619,1
1024,61,1
1023,1117,1
1023,1116,1
1023,1023,1
1023,837,1
1023,715,1
1023,586,1
1023,7,1
1022,1239,1
1022,1084,1
1022,674,1
1020,1230,1
1022,652,1
1022,646,1
1022,616,1
1022,569,1
1022,545,1
1022,541,1
1022,483,1
1021,773,1
1020,1468,1
1020,1451,1
1020,1365,1
872,1421,1
872,1411,1
872,1231,1
739,739,1
739,612,1
739,388,1
738,1355,1
738,1322,1
738,1274,1
738,1223,1
738,1025,1
738,1011,1
738,738,1
738,723,1
738,710,1
738,686,1
738,586,1
738,510,1
738,509,1
738,483,1
738,247,1
737,1453,1
737,1025,1
737,781,1
737,737,1
737,695,1
737,510,1
737,241,1
736,1375,1
739,695,1
739,1223,1
747,351,1
740,409,1
747,332,1
747,320,1
747,241,1
747,110,1
747,71,1
747,65,1
747,64,1
747,59,1
747,36,1
747,24,1
746,746,1
745,745,1
743,743,1
743,614,1
743,393,1
743,187,1
742,1310,1
742,979,1
742,695,1
742,193,1
741,747,1
741,741,1
741,580,1
740,763,1
740,578,1
736,1172,1
736,736,1
736,665,1
735,1439,1
727,727,1
727,665,1
726,1223,1
725,1389,1
725,725,1
725,596,1
725,587,1
725,557,1
724,610,1
724,195,1
724,91,1
723,1502,1
723,738,1
723,723,1
723,711,1
723,686,1
723,647,1
723,247,1
723,220,1
723,67,1
722,764,1
722,655,1
721,1489,1
721,1375,1
721,1071,1
727,1062,1
727,1116,1
727,1400,1
732,1116,1
735,1234,1
735,1223,1
735,917,1
735,735,1
735,695,1
735,632,1
735,619,1
735,615,1
734,734,1
734,463,1
734,462,1
732,732,1
728,117,1
732,619,1
731,1132,1
731,1122,1
731,1118,1
731,459,1
731,73,1
730,1321,1
730,641,1
730,578,1
728,191,1
728,120,1
747,347,1
747,354,1
721,663,1
764,657,1
764,258,1
764,7,1
763,1222,1
763,1071,1
763,1046,1
763,859,1
763,740,1
763,612,1
763,558,1
763,224,1
762,1471,1
761,686,1
761,190,1
760,1200,1
760,1002,1
760,569,1
760,484,1
760,480,1
760,67,1
758,566,1
756,1116,1
756,658,1
756,314,1
754,754,1
753,753,1
764,510,1
764,695,1
747,393,1
764,722,1
769,376,1
769,196,1
769,157,1
769,81,1
769,7,1
768,1487,1
767,1365,1
767,764,1
767,487,1
767,483,1
766,766,1
765,1223,1
765,765,1
764,1365,1
764,1330,1
764,1139,1
764,1116,1
764,1049,1
764,1036,1
764,787,1
764,781,1
764,774,1
764,771,1
764,767,1
764,764,1
752,752,1
751,1223,1
751,247,1
750,750,1
747,1001,1
747,1000,1
747,999,1
747,861,1
747,825,1
747,805,1
747,775,1
747,772,1
747,747,1
747,741,1
747,717,1
747,701,1
747,690,1
747,686,1
747,675,1
747,658,1
747,649,1
747,636,1
747,614,1
747,594,1
747,586,1
747,581,1
747,580,1
747,450,1
747,426,1
747,1005,1
747,1024,1
747,1049,1
748,1112,1
749,867,1
749,865,1
749,862,1
749,749,1
749,531,1
749,404,1
748,1458,1
748,1365,1
748,1210,1
748,1123,1
748,1116,1
748,884,1
747,1112,1
748,846,1
748,748,1
748,315,1
748,138,1
747,1480,1
747,1377,1
747,1281,1
747,1280,1
747,1212,1
747,1169,1
747,1116,1
721,695,1
721,555,1
769,487,1
698,117,1
697,1330,1
697,1260,1
697,1084,1
697,1020,1
697,837,1
697,831,1
697,771,1
697,709,1
697,697,1
697,686,1
697,662,1
697,652,1
697,545,1
697,541,1
697,400,1
697,269,1
696,1365,1
696,696,1
695,1489,1
695,1441,1
695,1209,1
695,1169,1
695,1166,1
695,1157,1
695,1116,1
697,1502,1
698,216,1
706,692,1
698,600,1
706,28,1
705,1131,1
705,705,1
705,611,1
705,543,1
705,497,1
705,363,1
705,224,1
704,704,1
703,703,1
702,1375,1
702,1132,1
702,1122,1
702,669,1
701,1469,1
701,1377,1
701,1223,1
701,747,1
701,695,1
700,1377,1
699,1489,1
699,1313,1
699,1156,1
699,657,1
698,654,1
695,1058,1
695,969,1
695,917,1
695,915,1
695,440,1
695,426,1
695,377,1
695,371,1
695,361,1
695,328,1
695,292,1
695,280,1
695,271,1
695,258,1
695,243,1
695,240,1
695,222,1
695,193,1
695,179,1
695,138,1
695,95,1
695,71,1
695,61,1
695,39,1
695,37,1
695,21,1
695,20,1
694,1441,1
694,1223,1
695,470,1
695,475,1
695,476,1
695,695,1
695,878,1
695,868,1
695,810,1
695,771,1
695,764,1
695,742,1
695,739,1
695,737,1
695,735,1
695,721,1
695,701,1
695,686,1
695,483,1
695,678,1
695,669,1
695,652,1
695,649,1
695,643,1
695,637,1
695,619,1
695,571,1
695,556,1
695,528,1
695,487,1
706,216,1
706,874,1
721,541,1
715,1489,1
715,1365,1
715,1342,1
715,1335,1
715,1304,1
715,1232,1
715,1118,1
715,1112,1
715,1023,1
715,941,1
715,884,1
715,781,1
715,715,1
715,711,1
715,678,1
715,632,1
715,615,1
715,606,1
715,594,1
715,581,1
715,576,1
715,539,1
715,532,1
715,525,1
715,484,1
715,372,1
715,1466,1
716,569,1
707,707,1
716,655,1
721,510,1
721,483,1
721,117,1
721,56,1
720,1441,1
720,995,1
720,868,1
720,783,1
720,317,1
720,256,1
720,81,1
719,719,1
718,718,1
717,1293,1
717,1036,1
717,873,1
717,747,1
717,717,1
717,716,1
717,294,1
717,130,1
716,1410,1
716,1302,1
716,717,1
716,678,1
715,357,1
715,247,1
715,174,1
715,138,1
710,509,1
710,495,1
710,483,1
710,312,1
710,251,1
710,247,1
710,208,1
710,113,1
709,1502,1
709,1234,1
709,1012,1
709,845,1
709,781,1
709,709,1
709,697,1
709,686,1
709,661,1
709,594,1
709,586,1
709,510,1
709,483,1
709,355,1
709,247,1
709,152,1
708,708,1
710,632,1
710,649,1
710,710,1
711,837,1
715,102,1
715,73,1
714,216,1
713,713,1
713,622,1
712,712,1
712,652,1
712,229,1
711,1391,1
711,1234,1
711,1117,1
711,723,1
710,738,1
711,715,1
711,711,1
711,262,1
711,247,1
710,1158,1
710,1113,1
710,1084,1
710,1018,1
710,901,1
710,875,1
710,860,1
769,484,1
769,509,1
872,1158,1
842,593,1
842,262,1
841,1116,1
841,1087,1
841,841,1
840,840,1
840,658,1
840,597,1
839,1372,1
839,1234,1
839,1003,1
839,839,1
839,225,1
839,206,1
839,152,1
839,21,1
838,838,1
837,1489,1
837,1365,1
837,1023,1
837,884,1
837,837,1
837,711,1
837,697,1
837,678,1
837,672,1
842,569,1
842,594,1
851,968,1
842,658,1
850,113,1
847,847,1
846,846,1
846,748,1
846,658,1
846,450,1
846,391,1
846,377,1
846,73,1
846,67,1
845,1502,1
845,1116,1
845,845,1
845,709,1
845,247,1
845,67,1
844,1095,1
844,895,1
844,844,1
843,843,1
842,1428,1
842,1234,1
842,1009,1
842,842,1
842,680,1
837,611,1
837,532,1
837,525,1
837,73,1
827,525,1
827,377,1
827,315,1
827,253,1
827,237,1
827,138,1
827,96,1
826,1432,1
826,499,1
825,1466,1
825,1377,1
825,1117,1
825,1059,1
825,747,1
825,658,1
825,616,1
825,597,1
825,73,1
825,67,1
824,1511,1
824,1126,1
824,792,1
823,1409,1
823,1335,1
823,823,1
827,611,1
827,661,1
827,827,1
832,237,1
835,983,1
835,835,1
835,351,1
834,1447,1
834,834,1
834,616,1
834,501,1
833,833,1
832,1204,1
832,401,1
832,314,1
832,67,1
827,1116,1
831,831,1
831,697,1
831,646,1
831,545,1
830,830,1
829,829,1
828,1395,1
828,589,1
828,567,1
827,1307,1
827,1244,1
850,1218,1
852,1188,1
822,1310,1
870,687,1
870,117,1
869,1330,1
869,1329,1
869,1133,1
869,660,1
869,626,1
869,369,1
868,1396,1
868,1375,1
868,1338,1
868,1335,1
868,1324,1
868,1116,1
868,1025,1
868,917,1
868,868,1
868,810,1
868,720,1
868,695,1
868,678,1
868,665,1
868,440,1
868,380,1
868,371,1
868,284,1
870,663,1
870,870,1
853,873,1
871,21,1
872,1118,1
872,873,1
872,872,1
872,859,1
872,663,1
872,638,1
872,459,1
872,430,1
872,295,1
872,293,1
872,281,1
872,251,1
872,133,1
872,73,1
872,24,1
872,9,1
871,1239,1
871,893,1
871,672,1
871,663,1
871,646,1
871,616,1
871,545,1
871,440,1
871,244,1
868,7,1
867,1365,1
867,749,1
867,646,1
861,863,1
861,862,1
861,861,1
861,800,1
861,747,1
860,874,1
860,860,1
860,859,1
860,710,1
860,660,1
860,649,1
860,312,1
860,1,1
859,875,1
859,874,1
859,872,1
859,860,1
859,763,1
859,312,1
857,124,1
856,1214,1
856,1204,1
856,1203,1
856,241,1
855,855,1
862,749,1
862,800,1
862,861,1
865,749,1
867,545,1
866,1365,1
866,787,1
866,775,1
866,771,1
866,569,1
866,484,1
865,1131,1
865,1129,1
865,1067,1
865,769,1
865,487,1
862,863,1
865,404,1
865,29,1
864,863,1
864,862,1
863,864,1
863,862,1
863,861,1
862,1431,1
862,1410,1
862,900,1
862,864,1
823,483,1
821,915,1
769,541,1
778,1200,1
776,1377,1
776,1365,1
776,1335,1
776,1223,1
776,1129,1
776,1119,1
776,1084,1
776,915,1
776,787,1
776,776,1
776,680,1
776,669,1
776,501,1
776,487,1
776,484,1
776,483,1
776,394,1
776,20,1
775,1293,1
775,866,1
775,747,1
775,640,1
775,554,1
775,363,1
774,1234,1
777,480,1
779,140,1
783,1002,1
779,247,1
783,769,1
783,720,1
783,678,1
783,662,1
783,484,1
783,480,1
783,440,1
783,148,1
781,1502,1
781,1365,1
781,781,1
781,764,1
781,737,1
781,715,1
781,709,1
781,586,1
781,487,1
781,484,1
781,247,1
780,780,1
779,1352,1
779,779,1
779,616,1
779,572,1
779,347,1
774,1049,1
774,774,1
774,764,1
774,541,1
771,541,1
771,509,1
771,487,1
771,484,1
771,483,1
771,458,1
771,404,1
771,370,1
771,369,1
771,157,1
771,29,1
770,1365,1
770,1335,1
770,1313,1
770,655,1
770,652,1
770,541,1
770,258,1
770,193,1
770,147,1
769,1235,1
769,1129,1
769,865,1
769,783,1
769,769,1
771,569,1
771,637,1
771,646,1
771,1355,1
774,487,1
774,484,1
773,1500,1
773,1021,1
773,771,1
773,480,1
773,440,1
773,81,1
772,772,1
772,747,1
771,1365,1
771,1330,1
771,695,1
771,1084,1
771,1036,1
771,1009,1
771,899,1
771,877,1
771,866,1
771,783,1
771,773,1
771,771,1
771,764,1
771,697,1
783,771,1
783,1043,1
821,821,1
809,1223,1
808,1214,1
808,808,1
808,450,1
808,401,1
808,377,1
808,237,1
808,43,1
807,1248,1
807,12,1
806,159,1
805,805,1
805,747,1
805,525,1
804,1118,1
804,578,1
804,567,1
803,803,1
802,1387,1
802,1101,1
802,811,1
802,802,1
801,1498,1
801,1489,1
801,1375,1
801,678,1
808,1378,1
810,241,1
783,1057,1
810,695,1
821,632,1
821,81,1
820,1350,1
818,687,1
818,526,1
817,1263,1
817,817,1
817,609,1
816,652,1
816,541,1
815,1401,1
815,414,1
814,1431,1
814,1298,1
814,814,1
813,873,1
812,812,1
811,1387,1
811,1101,1
811,811,1
811,802,1
810,1317,1
810,1241,1
810,1223,1
810,868,1
801,646,1
801,545,1
800,862,1
800,861,1
788,484,1
788,480,1
787,1049,1
787,1009,1
787,877,1
787,866,1
787,787,1
787,776,1
787,764,1
787,569,1
787,458,1
787,409,1
787,404,1
787,258,1
787,250,1
787,7,1
786,293,1
786,110,1
784,1043,1
784,339,1
783,1497,1
783,1456,1
783,1408,1
783,1215,1
783,1098,1
788,1200,1
789,789,1
790,915,1
794,794,1
800,800,1
799,799,1
798,1205,1
798,440,1
796,1365,1
796,1116,1
796,1106,1
796,484,1
796,483,1
796,151,1
795,795,1
793,793,1
791,21,1
792,1126,1
792,1077,1
792,873,1
792,824,1
792,792,1
792,611,1
792,498,1
792,7,1
791,1116,1
791,884,1
791,597,1
1108,978,1
1108,1108,1
693,455,1
1363,1363,1
1363,615,1
1363,409,1
1363,387,1
1361,558,1
1361,554,1
1360,1360,1
1360,325,1
1360,35,1
1359,1492,1
1359,1359,1
1359,1309,1
1359,1218,1
1359,1116,1
1359,979,1
1357,878,1
1356,1094,1
1355,1377,1
1355,1355,1
1355,1011,1
1355,892,1
1355,771,1
1355,738,1
1355,690,1
1355,646,1
1355,572,1
1363,1153,1
1363,1415,1
1355,541,1
1363,1444,1
1365,781,1
1365,776,1
1365,771,1
1365,770,1
1365,767,1
1365,764,1
1365,748,1
1365,715,1
1365,696,1
1365,658,1
1365,646,1
1365,520,1
1365,509,1
1365,496,1
1365,477,1
1365,458,1
1365,440,1
1365,370,1
1365,369,1
1365,355,1
1365,258,1
1365,153,1
1365,36,1
1365,29,1
1364,527,1
1355,545,1
1355,67,1
1108,1217,1
1347,1351,1
1347,1346,1
1346,1352,1
1346,1351,1
1346,1349,1
1346,1347,1
1346,1049,1
1345,1345,1
1345,649,1
1343,1113,1
1343,1058,1
1343,917,1
1343,26,1
1342,1342,1
1342,1166,1
1342,1013,1
1342,989,1
1342,715,1
1342,460,1
1342,395,1
1342,204,1
1342,138,1
1341,193,1
1338,1264,1
1338,868,1
1338,418,1
1347,1348,1
1347,1352,1
1354,1354,1
1348,1347,1
1354,541,1
1354,444,1
1352,1351,1
1352,1348,1
1352,1347,1
1352,1346,1
1352,779,1
1351,1352,1
1351,1350,1
1351,1349,1
1351,1348,1
1351,1347,1
1351,1346,1
1350,1482,1
1350,1351,1
1350,1348,1
1350,820,1
1349,1351,1
1349,1348,1
1349,1346,1
1348,1489,1
1348,1352,1
1348,1351,1
1348,1350,1
1348,1349,1
1365,796,1
1365,837,1
1365,866,1
1378,377,1
1378,176,1
1378,119,1
1378,73,1
1378,67,1
1378,39,1
1377,1502,1
1377,1475,1
1377,1471,1
1377,1434,1
1377,1389,1
1377,1377,1
1377,1355,1
1377,1305,1
1377,1301,1
1377,1293,1
1377,1213,1
1377,1204,1
1377,1116,1
1377,1059,1
1377,1053,1
1377,1025,1
1377,1005,1
1377,1001,1
1377,999,1
1377,892,1
1378,237,1
1378,391,1
1365,867,1
1378,450,1
1387,1387,1
1387,1101,1
1387,811,1
1387,802,1
1382,1382,1
1382,241,1
1381,317,1
1380,1380,1
1379,1415,1
1379,1379,1
1379,534,1
1379,476,1
1379,440,1
1379,424,1
1379,361,1
1379,347,1
1379,241,1
1379,240,1
1378,1452,1
1378,1378,1
1378,1301,1
1378,1116,1
1378,808,1
1378,606,1
1378,457,1
1377,825,1
1377,776,1
1377,747,1
1377,701,1
1372,1327,1
1372,1324,1
1372,839,1
1372,655,1
1371,672,1
1371,612,1
1370,325,1
1370,35,1
1369,1365,1
1369,1116,1
1369,1106,1
1369,484,1
1369,483,1
1369,151,1
1368,1368,1
1365,1441,1
1365,1439,1
1365,1369,1
1365,1365,1
1365,1331,1
1365,1084,1
1365,1025,1
1365,1020,1
1365,899,1
1365,877,1
1372,1389,1
1372,1455,1
1374,35,1
1377,67,1
1377,700,1
1377,636,1
1377,606,1
1377,594,1
1377,572,1
1377,459,1
1377,450,1
1377,401,1
1377,391,1
1377,152,1
1377,73,1
1375,1375,1
1374,247,1
1375,1116,1
1375,868,1
1375,801,1
1375,736,1
1375,721,1
1375,702,1
1375,665,1
1374,1374,1
1374,1322,1
1374,1270,1
1374,325,1
1337,1113,1
1337,636,1
1335,1118,1
1305,1140,1
1305,37,1
1304,715,1
1303,1277,1
1302,1036,1
1302,716,1
1301,1434,1
1301,1389,1
1301,1378,1
1301,1377,1
1301,1301,1
1301,1214,1
1301,1213,1
1301,1204,1
1301,1116,1
1301,616,1
1301,67,1
1300,1466,1
1300,1300,1
1300,572,1
1298,814,1
1298,458,1
1296,73,1
1293,1377,1
1293,1234,1
1293,1212,1
1305,314,1
1305,1305,1
1313,1004,1
1305,1377,1
1313,770,1
1313,699,1
1313,241,1
1313,138,1
1313,21,1
1312,1317,1
1312,1223,1
1312,193,1
1311,1310,1
1311,1134,1
1311,940,1
1311,657,1
1311,625,1
1311,295,1
1311,248,1
1311,203,1
1311,188,1
1310,1490,1
1310,1311,1
1310,1207,1
1310,822,1
1310,742,1
1309,1359,1
1309,616,1
1307,827,1
1293,1049,1
1293,1000,1
1293,999,1
1293,775,1
1285,992,1
1285,991,1
1285,990,1
1284,1284,1
1284,1283,1
1284,1282,1
1284,1281,1
1284,1280,1
1284,1279,1
1284,1278,1
1284,1215,1
1284,1005,1
1283,1284,1
1283,1281,1
1283,1280,1
1283,1279,1
1283,1215,1
1282,1284,1
1282,1281,1
1282,1215,1
1282,536,1
1281,1284,1
1281,1283,1
1281,1282,1
1281,1281,1
1285,1215,1
1285,1288,1
1286,1215,1
1293,59,1
1293,717,1
1293,690,1
1293,686,1
1293,675,1
1293,616,1
1293,614,1
1293,393,1
1293,354,1
1293,351,1
1293,241,1
1293,64,1
1293,36,1
1287,1215,1
1292,414,1
1290,1444,1
1290,535,1
1289,548,1
1288,1288,1
1288,1287,1
1288,1285,1
1288,1215,1
1288,991,1
1288,990,1
1287,1288,1
1313,1003,1
1315,1315,1
1335,1043,1
1330,1330,1
1330,877,1
1330,869,1
1330,771,1
1330,764,1
1330,697,1
1330,652,1
1330,633,1
1330,586,1
1330,569,1
1330,543,1
1330,541,1
1330,536,1
1330,509,1
1330,501,1
1330,495,1
1330,458,1
1330,409,1
1330,405,1
1330,372,1
1330,369,1
1330,281,1
1330,219,1
1330,113,1
1330,41,1
1330,21,1
1330,1133,1
1330,1331,1
1315,1413,1
1331,41,1
1335,868,1
1335,823,1
1335,776,1
1335,770,1
1335,715,1
1335,509,1
1335,73,1
1334,1334,1
1333,900,1
1333,267,1
1333,208,1
1332,1116,1
1332,636,1
1332,522,1
1331,1365,1
1331,1331,1
1331,1330,1
1331,586,1
1331,569,1
1331,484,1
1331,409,1
1331,376,1
1331,351,1
1331,219,1
1331,113,1
1330,20,1
1330,7,1
1329,1113,1
1329,933,1
1321,544,1
1321,363,1
1320,1444,1
1320,1320,1
1320,1116,1
1320,314,1
1319,1319,1
1318,1466,1
1318,1318,1
1318,1249,1
1318,1223,1
1318,522,1
1317,1389,1
1317,1317,1
1317,1312,1
1317,1249,1
1317,1102,1
1317,810,1
1317,440,1
1317,240,1
1317,206,1
1317,37,1
1316,1413,1
1315,1461,1
1315,1447,1
1321,555,1
1321,617,1
1321,683,1
1323,1241,1
1329,869,1
1329,532,1
1328,200,1
1327,1372,1
1327,1327,1
1324,1372,1
1324,1057,1
1324,868,1
1324,634,1
1324,569,1
1323,1323,1
1323,240,1
1321,730,1
1322,1374,1
1322,738,1
1322,682,1
1322,647,1
1322,572,1
1322,364,1
1322,359,1
1321,1206,1
1321,1196,1
1321,1195,1
1321,1192,1
1389,20,1
1389,67,1
1389,114,1
1466,1318,1
1466,1162,1
1466,1161,1
1466,1140,1
1466,825,1
1466,715,1
1466,595,1
1466,593,1
1466,586,1
1466,501,1
1466,483,1
1466,426,1
1466,241,1
1466,48,1
1466,21,1
1466,7,1
1465,1465,1
1465,1230,1
1463,1417,1
1463,1408,1
1463,1248,1
1463,917,1
1463,241,1
1462,1462,1
1462,1389,1
1462,1234,1
1466,1300,1
1466,1435,1
1471,1153,1
1468,1002,1
1471,1118,1
1471,1116,1
1471,999,1
1471,926,1
1471,873,1
1471,762,1
1471,661,1
1471,658,1
1471,606,1
1471,589,1
1471,572,1
1471,467,1
1471,372,1
1471,314,1
1471,300,1
1471,180,1
1471,77,1
1471,73,1
1471,67,1
1471,59,1
1470,1042,1
1469,701,1
1469,658,1
1468,1468,1
1468,1020,1
1462,73,1
1462,7,1
1461,1461,1
1461,1315,1
1453,1453,1
1453,1441,1
1453,1039,1
1453,737,1
1453,483,1
1453,470,1
1452,1452,1
1452,1378,1
1452,1213,1
1452,1105,1
1452,1087,1
1452,40,1
1451,1020,1
1451,586,1
1451,569,1
1451,541,1
1451,487,1
1451,483,1
1451,7,1
1450,611,1
1450,224,1
1449,1155,1
1447,1447,1
1447,1315,1
1447,834,1
1453,1455,1
1455,7,1
1455,94,1
1455,1455,1
1461,1218,1
1461,438,1
1460,1460,1
1460,1434,1
1459,1230,1
1459,21,1
1458,1458,1
1458,748,1
1456,783,1
1456,677,1
1456,173,1
1455,1453,1
1455,206,1
1455,1372,1
1455,1235,1
1455,1084,1
1455,878,1
1455,690,1
1455,541,1
1455,514,1
1455,483,1
1455,363,1
1455,250,1
1455,240,1
1471,1141,1
1471,1178,1
1446,1446,1
1502,510,1
1502,355,1
1502,247,1
1502,67,1
1501,1501,1
1501,1093,1
1501,608,1
1501,377,1
1500,1116,1
1500,773,1
1499,1499,1
1499,677,1
1498,801,1
1497,783,1
1497,81,1
1495,1495,1
1495,1411,1
1493,1441,1
1493,1389,1
1493,569,1
1493,539,1
1493,440,1
1493,222,1
1492,1492,1
1492,1359,1
1492,244,1
1502,483,1
1502,586,1
1471,1377,1
1502,594,1
1511,1077,1
1511,824,1
1509,21,1
1508,1504,1
1507,1504,1
1506,1504,1
1506,541,1
1504,1508,1
1504,1507,1
1504,1506,1
1502,1502,1
1502,1377,1
1502,1274,1
1502,1234,1
1502,1117,1
1502,1116,1
1502,1012,1
1502,845,1
1502,781,1
1502,723,1
1502,709,1
1502,697,1
1502,686,1
1502,661,1
1502,652,1
1491,1491,1
1490,1310,1
1489,1471,1
1489,1432,1
1482,1214,1
1482,1213,1
1482,1204,1
1482,1116,1
1482,614,1
1482,376,1
1482,321,1
1482,73,1
1482,67,1
1481,1011,1
1481,359,1
1481,21,1
1480,1223,1
1480,1113,1
1480,747,1
1478,1478,1
1476,1223,1
1476,28,1
1475,1377,1
1474,1000,1
1474,572,1
1473,1473,1
1472,106,1
1471,1489,1
1471,1415,1
1482,1350,1
1482,1482,1
1483,615,1
1489,569,1
1489,1348,1
1489,1274,1
1489,1116,1
1489,1049,1
1489,917,1
1489,837,1
1489,801,1
1489,721,1
1489,715,1
1489,699,1
1489,695,1
1489,487,1
1484,1484,1
1489,444,1
1488,1444,1
1487,768,1
1486,1486,1
1485,1485,1
1485,690,1
1485,646,1
1485,616,1
1485,572,1
1485,545,1
1485,508,1
1447,33,1
1445,1118,1
1389,237,1
1418,32,1
1417,632,1
1417,241,1
1415,1471,1
1415,1415,1
1415,1379,1
1415,1363,1
1415,1223,1
1415,665,1
1415,646,1
1415,569,1
1415,541,1
1415,522,1
1415,483,1
1413,1316,1
1413,1315,1
1413,1218,1
1411,1495,1
1411,1411,1
1411,872,1
1411,249,1
1410,862,1
1410,716,1
1409,823,1
1409,136,1
1408,1463,1
1417,1463,1
1418,67,1
1421,872,1
1418,84,1
1420,499,1
1420,155,1
1419,1157,1
1419,1131,1
1419,655,1
1419,411,1
1418,1418,1
1418,1209,1
1418,1143,1
1418,1142,1
1418,1079,1
1418,1032,1
1418,543,1
1418,536,1
1418,501,1
1418,442,1
1418,392,1
1418,370,1
1418,330,1
1418,295,1
1418,281,1
1418,256,1
1418,243,1
1418,188,1
1418,164,1
1408,783,1
1408,81,1
1406,1081,1
1406,421,1
1389,1317,1
1389,1301,1
1389,1239,1
1389,1234,1
1389,1228,1
1389,1218,1
1389,1145,1
1389,1123,1
1389,1116,1
1389,1108,1
1389,1059,1
1389,999,1
1389,954,1
1389,933,1
1389,725,1
1389,646,1
1389,636,1
1389,632,1
1389,615,1
1389,594,1
1389,545,1
1389,499,1
1389,457,1
1389,378,1
1389,247,1
1389,1372,1
1389,1377,1
1389,1389,1
1397,1116,1
1405,1224,1
1403,1132,1
1403,1131,1
1403,883,1
1402,1402,1
1401,1121,1
1401,895,1
1401,815,1
1400,727,1
1400,665,1
1398,451,1
1396,868,1
1389,1435,1
1395,828,1
1395,290,1
1394,1005,1
1394,314,1
1393,1393,1
1392,658,1
1391,1391,1
1391,711,1
1389,1493,1
1389,1462,1
1389,1444,1
1421,612,1
1421,1042,1
1445,679,1
1441,1063,1
1441,873,1
1441,720,1
1441,695,1
1441,694,1
1441,558,1
1441,509,1
1441,485,1
1441,484,1
1441,483,1
1441,474,1
1441,472,1
1441,452,1
1441,362,1
1441,310,1
1441,309,1
1441,294,1
1441,259,1
1441,256,1
1441,240,1
1441,225,1
1441,206,1
1441,197,1
1441,108,1
1441,98,1
1441,37,1
1441,1056,1
1441,1077,1
1421,1231,1
1441,1159,1
1445,567,1
1444,1511,1
1444,1488,1
1444,1444,1
1444,1389,1
1444,1363,1
1444,1320,1
1444,1290,1
1444,1178,1
1444,1108,1
1444,1085,1
1444,1050,1
1444,1025,1
1444,589,1
1444,566,1
1444,538,1
1444,415,1
1444,409,1
1444,128,1
1441,1493,1
1441,1453,1
1441,1441,1
1441,1426,1
1441,1365,1
1441,1173,1
1441,0,1
1440,600,1
1439,1365,1
1439,1223,1
1431,683,1
1431,676,1
1431,640,1
1431,593,1
1431,440,1
1431,400,1
1431,363,1
1431,15,1
1430,1430,1
1430,984,1
1430,477,1
1430,475,1
1430,435,1
1430,121,1
1429,610,1
1428,1234,1
1428,842,1
1428,262,1
1426,1441,1
1426,1056,1
1426,180,1
1426,59,1
1425,1113,1
1423,1423,1
1422,979,1
1431,814,1
1431,862,1
1431,901,1
1435,1466,1
1439,1185,1
1439,735,1
1439,658,1
1439,484,1
1439,470,1
1439,395,1
1439,138,1
1438,1438,1
1436,650,1
1436,637,1
1436,615,1
1435,1389,1
1431,1190,1
1435,1061,1
1434,1460,1
1434,1434,1
1434,1377,1
1434,1301,1
1434,1059,1
1434,690,1
1434,594,1
1434,483,1
1432,1489,1
1432,826,1
1281,1280,1
1281,1279,1
1281,1278,1
1151,241,1
1148,646,1
1148,541,1
1148,483,1
1148,193,1
1147,1214,1
1147,1204,1
1147,1105,1
1147,1087,1
1146,1146,1
1146,562,1
1146,288,1
1145,1389,1
1145,136,1
1144,567,1
1143,1418,1
1143,1116,1
1143,651,1
1142,1418,1
1142,651,1
1142,569,1
1141,1471,1
1141,1001,1
1141,608,1
1140,1466,1
1140,1305,1
1148,1148,1
1153,440,1
1157,1087,1
1153,1154,1
1157,1077,1
1157,695,1
1157,681,1
1157,632,1
1157,628,1
1157,612,1
1157,501,1
1157,409,1
1157,334,1
1157,13,1
1156,1004,1
1156,979,1
1156,699,1
1155,1449,1
1155,1155,1
1154,1154,1
1154,1153,1
1154,646,1
1154,545,1
1154,541,1
1154,485,1
1154,484,1
1154,483,1
1153,1471,1
1153,1363,1
1140,1140,1
1140,1012,1
1140,1001,1
1140,646,1
1135,1043,1
1135,610,1
1135,586,1
1135,253,1
1135,174,1
1135,138,1
1134,1311,1
1134,1107,1
1133,1330,1
1133,1133,1
1133,1129,1
1133,1020,1
1133,869,1
1133,586,1
1133,569,1
1133,543,1
1133,509,1
1133,487,1
1133,369,1
1132,1403,1
1132,1132,1
1132,888,1
1132,887,1
1132,884,1
1132,883,1
1135,1113,1
1135,1116,1
1135,1135,1
1138,544,1
1140,545,1
1140,515,1
1139,764,1
1138,1239,1
1138,1220,1
1138,1190,1
1138,1138,1
1138,683,1
1138,661,1
1138,646,1
1138,545,1
1138,247,1
1135,1229,1
1137,1137,1
1136,1025,1
1136,652,1
1136,193,1
1136,151,1
1136,124,1
1136,37,1
1136,33,1
1136,11,1
1135,1246,1
1135,1239,1
1157,1084,1
1157,1157,1
1132,702,1
1196,1321,1
1194,873,1
1194,400,1
1194,363,1
1193,873,1
1192,1321,1
1192,1158,1
1192,873,1
1192,577,1
1192,363,1
1191,567,1
1190,1431,1
1190,1138,1
1190,680,1
1190,668,1
1190,578,1
1190,567,1
1190,544,1
1190,117,1
1188,852,1
1185,1439,1
1183,1183,1
1182,1182,1
1182,557,1
1182,526,1
1182,525,1
1195,1321,1
1198,363,1
1157,1158,1
1199,567,1
1204,114,1
1204,82,1
1204,73,1
1204,67,1
1204,43,1
1204,39,1
1203,1204,1
1203,1203,1
1203,1025,1
1203,856,1
1203,67,1
1203,40,1
1202,1214,1
1202,1213,1
1202,1204,1
1202,1202,1
1202,884,1
1202,686,1
1202,73,1
1202,67,1
1200,1215,1
1200,788,1
1200,778,1
1200,760,1
1200,569,1
1182,499,1
1181,1277,1
1180,1179,1
1179,1180,1
1166,510,1
1166,83,1
1165,1163,1
1164,1163,1
1163,1165,1
1163,1164,1
1163,493,1
1163,423,1
1162,1466,1
1161,1466,1
1160,73,1
1159,1441,1
1158,1192,1
1158,1157,1
1158,1084,1
1158,1074,1
1158,1018,1
1158,875,1
1158,872,1
1158,710,1
1158,593,1
1158,548,1
1158,495,1
1158,363,1
1157,1419,1
1166,695,1
1166,1166,1
1166,1342,1
1175,1175,1
1179,1178,1
1179,1177,1
1178,1471,1
1178,1444,1
1178,1179,1
1177,1179,1
1177,606,1
1177,315,1
1176,1116,1
1176,1038,1
1176,186,1
1175,652,1
1169,71,1
1175,484,1
1175,351,1
1174,1174,1
1173,1441,1
1172,1172,1
1172,1116,1
1172,736,1
1171,1171,1
1171,148,1
1169,747,1
1169,695,1
1132,731,1
1132,688,1
1204,176,1
1116,1038,1
1116,1024,1
1116,1023,1
1116,1005,1
1116,1001,1
1116,1000,1
1116,999,1
1116,979,1
1116,928,1
1116,868,1
1116,845,1
1116,841,1
1116,827,1
1116,796,1
1116,791,1
1116,764,1
1116,756,1
1116,748,1
1116,747,1
1116,732,1
1116,727,1
1116,695,1
1116,686,1
1116,671,1
1116,658,1
1116,647,1
1116,1029,1
1116,1051,1
1116,1471,1
1116,1059,1
1116,1389,1
1116,1378,1
1116,1377,1
1116,1375,1
1116,1369,1
1116,1359,1
1116,1332,1
1116,1320,1
1116,1301,1
1116,1246,1
1116,1239,1
1116,1232,1
1116,1228,1
1116,1215,1
1116,1212,1
1116,1210,1
1116,1176,1
1116,1172,1
1116,1143,1
1116,1135,1
1116,1117,1
1116,1116,1
1116,1113,1
1116,1097,1
1116,1084,1
1116,646,1
1116,619,1
1116,606,1
1116,597,1
1114,73,1
1114,40,1
1113,1480,1
1113,1425,1
1113,1343,1
1113,1337,1
1113,1329,1
1113,1249,1
1113,1135,1
1113,1116,1
1113,891,1
1113,710,1
1113,548,1
1113,532,1
1113,240,1
1113,15,1
1112,1215,1
1112,1112,1
1112,748,1
1112,747,1
1112,715,1
1112,658,1
1109,1109,1
1108,1444,1
1108,1389,1
1114,545,1
1114,594,1
1114,636,1
1116,142,1
1116,581,1
1116,566,1
1116,545,1
1116,522,1
1116,465,1
1116,459,1
1116,426,1
1116,315,1
1116,189,1
1116,176,1
1116,150,1
1116,138,1
1114,1012,1
1116,67,1
1116,59,1
1116,7,1
1115,1226,1
1115,1115,1
1115,652,1
1115,569,1
1115,541,1
1115,523,1
1114,1214,1
1114,1204,1
1116,1397,1
1116,1482,1
1132,645,1
1129,541,1
1129,487,1
1129,484,1
1129,411,1
1128,1127,1
1128,157,1
1127,1129,1
1127,1128,1
1127,612,1
1127,157,1
1126,1126,1
1126,1077,1
1126,873,1
1126,824,1
1126,792,1
1126,611,1
1126,498,1
1126,7,1
1125,1020,1
1125,652,1
1124,124,1
1123,1389,1
1123,1223,1
1123,933,1
1123,748,1
1123,541,1
1129,523,1
1129,769,1
1116,1489,1
1129,776,1
1132,558,1
1132,557,1
1132,555,1
1132,501,1
1132,20,1
1131,1419,1
1131,1403,1
1131,1131,1
1131,883,1
1131,865,1
1131,705,1
1131,680,1
1131,569,1
1131,557,1
1131,543,1
1131,536,1
1131,497,1
1131,487,1
1131,411,1
1131,373,1
1130,1026,1
1129,1133,1
1129,1129,1
1129,1127,1
1129,865,1
1123,440,1
1123,334,1
1122,887,1
1122,731,1
1118,731,1
1118,715,1
1118,685,1
1118,647,1
1118,628,1
1118,596,1
1118,593,1
1118,557,1
1118,541,1
1118,522,1
1118,332,1
1118,314,1
1118,246,1
1118,178,1
1118,111,1
1118,7,1
1117,1502,1
1117,1116,1
1117,1023,1
1117,825,1
1117,711,1
1117,686,1
1117,247,1
1116,1502,1
1116,1500,1
1118,804,1
1118,872,1
1118,873,1
1119,652,1
1122,702,1
1122,580,1
1122,555,1
1122,501,1
1121,1401,1
1121,893,1
1120,1280,1
1120,1245,1
1120,1234,1
1119,1226,1
1119,776,1
1119,594,1
1118,875,1
1119,486,1
1119,483,1
1119,312,1
1119,208,1
1118,1471,1
1118,1445,1
1118,1335,1
1118,1238,1
1118,1212,1
1118,985,1
1118,901,1
1204,119,1
1204,237,1
1281,1215,1
1238,247,1
1237,539,1
1236,1255,1
1235,1455,1
1235,769,1
1235,594,1
1235,487,1
1235,486,1
1235,484,1
1235,208,1
1235,20,1
1234,1502,1
1234,1462,1
1234,1428,1
1234,1389,1
1234,1293,1
1234,1247,1
1234,1234,1
1234,1120,1
1234,1009,1
1234,1004,1
1234,933,1
1234,930,1
1234,842,1
1234,839,1
1234,774,1
1237,1237,1
1238,558,1
1241,240,1
1238,873,1
1240,81,1
1240,16,1
1239,1389,1
1239,1238,1
1239,1138,1
1239,1135,1
1239,1116,1
1239,1022,1
1239,871,1
1239,674,1
1239,655,1
1239,646,1
1239,636,1
1239,616,1
1239,586,1
1239,569,1
1239,545,1
1239,466,1
1239,459,1
1239,138,1
1239,119,1
1238,1239,1
1238,1238,1
1238,1228,1
1238,1118,1
1234,735,1
1234,711,1
1234,709,1
1234,680,1
1230,884,1
1230,686,1
1230,644,1
1230,619,1
1230,610,1
1230,543,1
1230,217,1
1230,21,1
1229,1230,1
1229,1135,1
1229,884,1
1229,619,1
1229,539,1
1229,459,1
1229,450,1
1229,377,1
1229,264,1
1229,138,1
1229,113,1
1229,73,1
1229,67,1
1229,21,1
1228,1389,1
1228,1238,1
1228,1116,1
1230,1001,1
1230,1020,1
1230,1031,1
1233,43,1
1234,594,1
1234,593,1
1234,569,1
1234,395,1
1234,386,1
1234,262,1
1234,152,1
1233,1214,1
1233,401,1
1233,377,1
1233,237,1
1233,39,1
1230,1229,1
1232,1116,1
1232,715,1
1232,138,1
1231,1421,1
1231,1231,1
1231,872,1
1231,535,1
1231,338,1
1230,1465,1
1230,1459,1
1230,1230,1
1241,176,1
1241,314,1
1228,636,1
1275,21,1
1274,1489,1
1274,738,1
1274,678,1
1274,655,1
1274,508,1
1274,483,1
1274,314,1
1274,244,1
1273,586,1
1272,334,1
1270,1374,1
1270,325,1
1270,35,1
1268,1265,1
1266,607,1
1265,1268,1
1265,1265,1
1265,610,1
1264,1338,1
1264,1264,1
1264,23,1
1263,1262,1
1263,1261,1
1263,817,1
1263,440,1
1274,1502,1
1277,390,1
1241,401,1
1277,1181,1
1281,747,1
1280,1284,1
1280,1283,1
1280,1281,1
1280,1279,1
1280,1278,1
1280,1215,1
1280,1120,1
1280,991,1
1280,747,1
1280,675,1
1279,1284,1
1279,1283,1
1279,1281,1
1279,1280,1
1279,1278,1
1279,991,1
1278,1284,1
1278,1281,1
1278,1280,1
1278,1279,1
1278,1215,1
1278,992,1
1278,991,1
1277,1303,1
1263,408,1
1263,161,1
1262,1263,1
1262,117,1
1247,225,1
1247,206,1
1246,1246,1
1246,1243,1
1246,1225,1
1246,1135,1
1246,1116,1
1246,1025,1
1246,979,1
1246,941,1
1246,884,1
1246,646,1
1246,597,1
1246,545,1
1246,450,1
1246,174,1
1246,138,1
1245,1120,1
1244,827,1
1243,1246,1
1243,1243,1
1243,545,1
1241,1323,1
1241,1241,1
1241,810,1
1247,979,1
1247,1218,1
1247,1234,1
1249,1317,1
1261,1263,1
1260,1260,1
1260,697,1
1260,686,1
1260,672,1
1259,1067,1
1258,408,1
1257,606,1
1255,1236,1
1255,893,1
1249,1318,1
1249,1249,1
1248,20,1
1249,1113,1
1249,928,1
1249,594,1
1249,522,1
1248,1463,1
1248,1248,1
1248,1058,1
1248,917,1
1248,915,1
1248,807,1
1248,26,1
1228,884,1
1228,586,1
1204,320,1
1213,1377,1
1213,1202,1
1213,1086,1
1213,1005,1
1213,933,1
1213,636,1
1213,594,1
1213,459,1
1213,450,1
1213,237,1
1213,176,1
1213,119,1
1213,73,1
1213,67,1
1212,1293,1
1212,1215,1
1212,1118,1
1212,1116,1
1212,1057,1
1212,928,1
1212,747,1
1212,658,1
1212,636,1
1212,594,1
1212,426,1
1212,351,1
1213,1301,1
1213,1452,1
1214,1482,1
1213,1482,1
1214,1233,1
1214,1202,1
1214,1147,1
1214,1114,1
1214,1059,1
1214,1053,1
1214,1001,1
1214,1000,1
1214,999,1
1214,856,1
1214,808,1
1214,636,1
1214,608,1
1214,459,1
1214,457,1
1214,450,1
1214,377,1
1214,237,1
1214,176,1
1214,119,1
1214,73,1
1214,67,1
1214,43,1
1214,40,1
1214,39,1
1212,138,1
1212,21,1
1211,1211,1
1210,1225,1
1205,798,1
1205,241,1
1204,1482,1
1204,1377,1
1204,1301,1
1204,1204,1
1204,1203,1
1204,1202,1
1204,1147,1
1204,1114,1
1204,1059,1
1204,1005,1
1204,856,1
1204,832,1
1204,690,1
1204,661,1
1204,636,1
1204,624,1
1204,570,1
1204,545,1
1204,459,1
1204,457,1
1204,450,1
1204,391,1
1204,377,1
1206,577,1
1206,1321,1
1207,6,1
1208,1207,1
1210,1116,1
1210,748,1
1210,658,1
1210,320,1
1209,1418,1
1209,1223,1
1209,1209,1
1209,1208,1
1209,1207,1
1209,695,1
1208,1209,1
1208,154,1
1207,75,1
1207,1310,1
1207,1209,1
1207,1208,1
1207,1207,1
1207,613,1
1207,561,1
1207,305,1
1207,281,1
1207,271,1
1207,168,1
1207,166,1
1214,1301,1
1215,81,1
1226,1119,1
1223,738,1
1223,726,1
1223,701,1
1223,694,1
1223,690,1
1223,673,1
1223,661,1
1223,649,1
1223,647,1
1223,639,1
1223,624,1
1223,597,1
1223,582,1
1223,487,1
1223,483,1
1223,476,1
1223,459,1
1223,440,1
1223,424,1
1223,376,1
1223,361,1
1223,359,1
1223,347,1
1223,334,1
1223,327,1
1223,279,1
1223,735,1
1223,739,1
1215,594,1
1223,751,1
1226,1115,1
1226,539,1
1225,1246,1
1225,1225,1
1225,1210,1
1224,1405,1
1224,1223,1
1224,440,1
1223,1480,1
1223,1476,1
1223,1439,1
1223,1415,1
1223,1318,1
1223,1312,1
1223,1224,1
1223,1209,1
1223,1123,1
1223,1102,1
1223,993,1
1223,941,1
1223,873,1
1223,810,1
1223,809,1
1223,776,1
1223,765,1
1223,248,1
1223,222,1
1223,211,1
1223,201,1
1218,598,1
1218,278,1
1218,225,1
1218,206,1
1217,1108,1
1217,1025,1
1217,979,1
1215,1288,1
1215,1287,1
1215,1286,1
1215,1285,1
1215,1284,1
1215,1283,1
1215,1282,1
1215,1281,1
1215,1280,1
1215,1278,1
1215,1212,1
1215,1200,1
1215,1116,1
1215,1112,1
1215,992,1
1215,991,1
1215,990,1
1215,783,1
1218,658,1
1218,850,1
1218,979,1
1222,535,1
1223,193,1
1223,138,1
1223,71,1
1223,67,1
1223,66,1
1223,65,1
1223,48,1
1223,37,1
1223,21,1
1222,763,1
1222,567,1
1221,1221,1
1218,1247,1
1221,632,1
1221,440,1
1220,1138,1
1220,400,1
1219,640,1
1219,600,1
1219,535,1
1218,1461,1
1218,1413,1
1218,1389,1
1218,1359,1
694,1056,1
692,878,1
0,1441,1
293,872,1
293,612,1
293,580,1
293,554,1
292,695,1
292,510,1
292,292,1
290,1395,1
290,290,1
290,173,1
288,1146,1
288,407,1
288,328,1
288,37,1
287,692,1
287,685,1
287,672,1
287,287,1
286,545,1
286,285,1
286,106,1
286,14,1
285,286,1
285,14,1
284,868,1
283,451,1
293,786,1
294,67,1
281,1330,1
294,294,1
300,1471,1
299,299,1
296,296,1
295,1418,1
295,1311,1
295,872,1
295,678,1
295,672,1
295,612,1
295,295,1
295,188,1
294,1441,1
294,1084,1
294,1020,1
294,1009,1
294,717,1
294,686,1
294,652,1
294,594,1
294,569,1
294,568,1
294,541,1
294,509,1
294,483,1
294,440,1
281,1418,1
281,1207,1
457,40,1
262,1234,1
262,711,1
262,593,1
261,20,1
260,439,1
259,1441,1
258,1365,1
258,1020,1
258,1009,1
258,877,1
258,787,1
258,770,1
258,764,1
258,695,1
258,652,1
258,569,1
258,541,1
258,523,1
258,510,1
258,487,1
258,485,1
258,484,1
258,483,1
258,370,1
258,355,1
258,258,1
262,842,1
262,1428,1
281,1020,1
264,1229,1
281,872,1
281,672,1
281,612,1
281,569,1
281,281,1
281,75,1
280,695,1
280,383,1
280,48,1
279,1223,1
278,1218,1
275,275,1
271,1207,1
271,695,1
270,192,1
269,697,1
269,269,1
268,1035,1
268,402,1
267,1333,1
267,1020,1
267,560,1
267,459,1
267,405,1
266,266,1
301,301,1
305,1207,1
308,999,1
334,1123,1
333,333,1
333,116,1
332,1118,1
332,747,1
332,317,1
330,1418,1
330,541,1
328,695,1
328,288,1
328,37,1
327,1223,1
327,327,1
325,1374,1
325,1370,1
325,1360,1
325,1270,1
325,325,1
325,53,1
325,35,1
324,453,1
324,324,1
323,642,1
323,569,1
322,657,1
322,322,1
334,334,1
334,1157,1
309,241,1
334,1223,1
351,113,1
351,67,1
351,20,1
350,350,1
349,349,1
347,1379,1
347,1223,1
347,779,1
347,747,1
347,646,1
347,545,1
346,207,1
346,34,1
345,53,1
342,342,1
341,913,1
341,907,1
341,214,1
341,120,1
339,784,1
339,459,1
339,73,1
338,1231,1
336,420,1
334,1272,1
321,1482,1
321,443,1
321,5,1
320,1210,1
314,1241,1
314,1118,1
314,1093,1
314,915,1
314,832,1
314,756,1
314,470,1
314,440,1
314,314,1
314,73,1
313,313,1
312,1119,1
312,875,1
312,874,1
312,860,1
312,859,1
312,710,1
312,663,1
312,312,1
312,251,1
312,28,1
312,1,1
310,1441,1
309,1441,1
309,309,1
314,1274,1
314,1305,1
314,1320,1
317,521,1
320,1204,1
320,747,1
320,483,1
320,320,1
320,67,1
319,588,1
319,319,1
318,318,1
317,1381,1
317,1084,1
317,720,1
317,505,1
314,1394,1
317,332,1
317,317,1
316,28,1
315,1177,1
315,1116,1
315,884,1
315,827,1
315,748,1
315,658,1
315,408,1
314,1471,1
258,7,1
257,905,1
257,651,1
240,510,1
240,483,1
240,362,1
240,240,1
240,206,1
238,241,1
237,1389,1
237,1378,1
237,1233,1
237,1214,1
237,1213,1
237,1204,1
237,1089,1
237,895,1
237,832,1
237,827,1
237,808,1
237,661,1
237,608,1
237,594,1
237,580,1
237,570,1
237,545,1
237,483,1
237,450,1
237,391,1
240,484,1
240,652,1
241,600,1
240,695,1
241,500,1
241,480,1
241,479,1
241,459,1
241,457,1
241,442,1
241,440,1
241,424,1
241,309,1
241,249,1
241,241,1
241,238,1
241,206,1
241,179,1
241,73,1
241,67,1
241,20,1
240,1455,1
240,1441,1
240,1379,1
240,1323,1
240,1317,1
240,1241,1
240,1113,1
240,1008,1
237,377,1
237,176,1
237,152,1
237,119,1
225,619,1
225,594,1
225,510,1
225,206,1
225,7,1
224,1450,1
224,873,1
224,763,1
224,705,1
224,681,1
224,640,1
224,578,1
224,567,1
224,548,1
224,543,1
224,458,1
224,447,1
224,224,1
224,134,1
224,24,1
222,1493,1
222,1223,1
222,1086,1
222,897,1
222,695,1
225,655,1
225,673,1
225,839,1
230,216,1
237,114,1
237,82,1
237,67,1
237,39,1
236,236,1
233,138,1
232,541,1
231,944,1
231,231,1
231,210,1
230,414,1
230,191,1
225,1218,1
230,120,1
230,28,1
229,712,1
229,229,1
228,145,1
227,458,1
227,227,1
227,46,1
226,226,1
225,1441,1
225,1247,1
241,528,1
241,620,1
256,1441,1
250,787,1
249,1411,1
249,504,1
249,502,1
249,241,1
248,1311,1
248,1223,1
248,997,1
247,1502,1
247,1389,1
247,1374,1
247,1238,1
247,1138,1
247,1117,1
247,1011,1
247,979,1
247,899,1
247,876,1
247,845,1
247,781,1
247,779,1
247,751,1
247,738,1
247,723,1
247,715,1
247,711,1
250,7,1
250,1455,1
241,624,1
251,28,1
256,1418,1
256,1020,1
256,946,1
256,720,1
256,137,1
255,978,1
253,1135,1
253,827,1
253,642,1
253,614,1
253,532,1
253,440,1
253,372,1
253,253,1
253,73,1
252,375,1
252,65,1
251,901,1
251,900,1
251,872,1
251,710,1
251,638,1
251,541,1
251,312,1
251,251,1
247,710,1
247,709,1
247,686,1
247,678,1
243,1418,1
243,1025,1
243,695,1
243,442,1
243,394,1
243,358,1
243,193,1
241,1466,1
241,1463,1
241,1417,1
241,1382,1
241,1379,1
241,1313,1
241,1293,1
241,1205,1
241,1151,1
241,1017,1
241,1015,1
241,986,1
241,894,1
241,856,1
241,810,1
241,747,1
241,737,1
241,686,1
244,440,1
244,483,1
244,601,1
247,247,1
247,647,1
247,606,1
247,586,1
247,572,1
247,569,1
247,483,1
247,457,1
247,420,1
247,413,1
247,359,1
247,351,1
247,151,1
244,632,1
247,94,1
247,73,1
247,67,1
247,21,1
246,1118,1
246,246,1
245,245,1
244,1492,1
244,1274,1
244,1062,1
244,871,1
351,247,1
351,440,1
351,483,1
424,1379,1
424,994,1
424,665,1
424,424,1
424,395,1
424,241,1
423,1163,1
423,494,1
422,422,1
422,93,1
422,62,1
421,1406,1
420,420,1
420,336,1
420,247,1
420,37,1
418,1338,1
418,646,1
418,440,1
418,129,1
415,1444,1
414,1292,1
414,815,1
414,557,1
414,555,1
414,230,1
424,1223,1
425,131,1
435,546,1
426,510,1
435,366,1
434,434,1
433,616,1
433,545,1
433,183,1
432,906,1
432,488,1
432,457,1
431,431,1
430,872,1
429,998,1
429,509,1
429,393,1
429,187,1
426,1466,1
426,1212,1
426,1116,1
426,1029,1
426,1000,1
426,999,1
426,884,1
426,747,1
426,695,1
426,658,1
426,636,1
413,247,1
412,412,1
411,1419,1
411,1131,1
405,652,1
405,612,1
405,560,1
405,405,1
405,267,1
404,865,1
404,787,1
404,771,1
404,749,1
404,404,1
402,1035,1
402,268,1
402,115,1
401,1377,1
401,1241,1
401,1233,1
401,832,1
401,808,1
401,608,1
401,570,1
401,450,1
401,391,1
401,377,1
401,176,1
401,119,1
405,678,1
405,1020,1
405,1330,1
409,740,1
411,1129,1
411,487,1
411,484,1
410,410,1
409,1444,1
409,1363,1
409,1331,1
409,1330,1
409,1157,1
409,873,1
409,787,1
409,649,1
406,44,1
409,526,1
409,484,1
408,1263,1
408,1258,1
408,893,1
408,688,1
408,580,1
408,315,1
407,288,1
407,37,1
406,406,1
435,475,1
435,627,1
401,82,1
450,152,1
449,449,1
449,181,1
448,892,1
447,611,1
447,447,1
447,224,1
447,28,1
446,388,1
444,1489,1
444,1354,1
444,541,1
444,484,1
444,440,1
443,321,1
443,5,1
442,1418,1
442,915,1
442,243,1
442,241,1
442,11,1
440,1493,1
440,1431,1
440,1379,1
440,1365,1
440,1317,1
450,43,1
450,237,1
435,905,1
450,401,1
455,693,1
454,640,1
454,454,1
454,382,1
453,324,1
452,1441,1
451,1398,1
451,451,1
451,396,1
451,283,1
451,217,1
451,128,1
450,1378,1
450,1377,1
450,1246,1
450,1229,1
450,1214,1
450,1213,1
450,1204,1
450,979,1
450,846,1
450,808,1
450,747,1
450,636,1
450,450,1
440,1263,1
440,1224,1
440,1223,1
440,1221,1
440,486,1
440,483,1
440,444,1
440,440,1
440,418,1
440,351,1
440,314,1
440,294,1
440,253,1
440,244,1
440,241,1
440,215,1
440,193,1
440,113,1
440,73,1
440,67,1
440,56,1
440,33,1
439,260,1
438,1461,1
438,1105,1
438,438,1
438,21,1
437,163,1
435,1430,1
440,508,1
440,509,1
440,523,1
440,868,1
440,1153,1
440,1123,1
440,1103,1
440,1084,1
440,1041,1
440,1025,1
440,1020,1
440,1009,1
440,917,1
440,915,1
440,871,1
440,798,1
440,539,1
440,783,1
440,773,1
440,695,1
440,680,1
440,660,1
440,652,1
440,594,1
440,569,1
440,568,1
440,545,1
440,541,1
401,114,1
401,39,1
351,501,1
369,541,1
369,487,1
369,484,1
369,373,1
369,21,1
367,367,1
366,435,1
366,366,1
364,1322,1
364,1025,1
363,1455,1
363,1431,1
363,1321,1
363,1198,1
363,1194,1
363,1192,1
363,1158,1
363,892,1
363,775,1
363,705,1
363,686,1
363,659,1
363,642,1
363,596,1
363,593,1
363,580,1
369,523,1
369,569,1
372,1330,1
369,626,1
372,616,1
372,372,1
372,253,1
371,868,1
371,695,1
371,621,1
371,371,1
370,1418,1
370,1365,1
370,1020,1
370,877,1
370,771,1
370,652,1
370,646,1
370,569,1
370,545,1
370,541,1
370,523,1
370,370,1
370,258,1
369,1365,1
369,1330,1
369,1133,1
369,869,1
369,771,1
363,535,1
363,15,1
362,1441,1
362,362,1
355,709,1
355,569,1
355,355,1
355,258,1
354,1293,1
354,747,1
354,388,1
352,893,1
352,109,1
351,1331,1
351,1293,1
351,1212,1
351,1175,1
351,1020,1
351,965,1
351,835,1
351,747,1
351,658,1
351,647,1
351,635,1
351,594,1
351,586,1
351,545,1
351,541,1
351,523,1
355,877,1
355,1365,1
355,1502,1
360,596,1
362,240,1
362,206,1
361,1379,1
361,1223,1
361,956,1
361,695,1
361,672,1
361,612,1
361,476,1
361,472,1
361,361,1
359,1481,1
356,72,1
359,1322,1
359,1223,1
359,655,1
359,545,1
359,508,1
359,359,1
359,247,1
359,21,1
358,243,1
357,715,1
356,356,1
372,715,1
372,1471,1
400,1431,1
393,893,1
393,890,1
393,747,1
393,743,1
393,518,1
393,429,1
393,393,1
392,1418,1
391,1378,1
391,1377,1
391,1204,1
391,1000,1
391,846,1
391,624,1
391,572,1
391,483,1
391,401,1
391,237,1
391,100,1
391,67,1
391,43,1
390,1277,1
389,201,1
388,1011,1
388,739,1
388,472,1
393,892,1
393,1293,1
373,369,1
394,20,1
400,1220,1
400,1194,1
400,697,1
400,564,1
400,560,1
400,400,1
396,451,1
396,217,1
395,1439,1
395,1342,1
395,1234,1
395,1011,1
395,424,1
395,395,1
395,189,1
394,1025,1
394,776,1
394,642,1
394,627,1
394,613,1
394,541,1
394,483,1
394,243,1
394,45,1
394,37,1
388,446,1
388,354,1
388,145,1
388,21,1
377,401,1
377,237,1
377,176,1
377,67,1
377,43,1
376,1482,1
376,1331,1
376,1223,1
376,769,1
376,652,1
376,569,1
376,547,1
376,545,1
376,487,1
376,219,1
375,252,1
374,461,1
374,374,1
374,165,1
373,1131,1
373,661,1
373,660,1
373,626,1
373,523,1
373,373,1
377,459,1
377,523,1
377,695,1
380,73,1
387,1363,1
386,1234,1
385,652,1
385,483,1
383,280,1
382,640,1
382,454,1
382,382,1
380,868,1
380,686,1
380,459,1
379,12,1
377,808,1
378,1389,1
378,378,1
377,1501,1
377,1378,1
377,1233,1
377,1229,1
377,1214,1
377,1204,1
377,1059,1
377,846,1
377,827,1
221,541,1
221,460,1
220,723,1
56,440,1
56,20,1
54,54,1
53,345,1
53,325,1
53,53,1
50,893,1
50,48,1
48,1466,1
48,1223,1
48,280,1
48,50,1
47,47,1
47,21,1
46,227,1
46,46,1
45,394,1
45,45,1
44,406,1
43,1233,1
43,1214,1
43,1204,1
43,808,1
43,608,1
43,570,1
43,450,1
56,56,1
56,483,1
67,81,1
56,652,1
67,67,1
67,40,1
66,1223,1
65,1223,1
65,747,1
65,252,1
64,1293,1
64,747,1
63,63,1
62,422,1
62,93,1
62,62,1
61,1024,1
61,695,1
59,1471,1
59,1426,1
59,1293,1
59,1116,1
59,960,1
59,953,1
59,747,1
59,59,1
57,155,1
56,1073,1
56,721,1
43,391,1
43,377,1
43,176,1
43,119,1
39,646,1
39,545,1
39,401,1
39,237,1
39,39,1
38,38,1
37,1441,1
37,1317,1
37,1305,1
37,1223,1
37,1136,1
37,1053,1
37,695,1
37,686,1
37,420,1
37,407,1
37,394,1
37,328,1
37,288,1
37,163,1
37,98,1
36,1365,1
36,1293,1
36,747,1
36,487,1
39,686,1
39,695,1
39,1025,1
41,523,1
43,114,1
43,82,1
43,43,1
42,42,1
41,1331,1
41,1330,1
41,1020,1
41,652,1
41,586,1
41,569,1
41,541,1
41,41,1
39,1204,1
40,1452,1
40,1214,1
40,1203,1
40,1114,1
40,457,1
40,119,1
40,73,1
40,67,1
39,1378,1
39,1233,1
39,1214,1
67,73,1
67,176,1
35,1374,1
73,647,1
73,624,1
73,606,1
73,594,1
73,545,1
73,483,1
73,459,1
73,440,1
73,380,1
73,339,1
73,314,1
73,253,1
73,247,1
73,241,1
73,73,1
73,67,1
73,40,1
73,21,1
72,356,1
71,1223,1
71,1169,1
71,747,1
71,695,1
71,556,1
71,545,1
71,71,1
73,636,1
73,658,1
67,237,1
73,661,1
73,1378,1
73,1377,1
73,1335,1
73,1296,1
73,1229,1
73,1214,1
73,1213,1
73,1204,1
73,1202,1
73,1160,1
73,1114,1
73,1089,1
73,1059,1
73,1005,1
73,999,1
73,930,1
73,928,1
73,884,1
73,872,1
73,846,1
73,837,1
73,825,1
73,731,1
73,715,1
73,686,1
70,70,1
69,69,1
68,1019,1
68,1008,1
67,760,1
67,723,1
67,686,1
67,661,1
67,646,1
67,636,1
67,624,1
67,616,1
67,606,1
67,594,1
67,569,1
67,545,1
67,541,1
67,501,1
67,487,1
67,483,1
67,457,1
67,440,1
67,391,1
67,377,1
67,351,1
67,320,1
67,294,1
67,247,1
67,241,1
67,825,1
67,832,1
67,845,1
67,1355,1
68,877,1
68,655,1
68,633,1
68,68,1
67,1502,1
67,1482,1
67,1471,1
67,1418,1
67,1389,1
67,1378,1
67,1377,1
67,1301,1
67,846,1
67,1229,1
67,1223,1
67,1214,1
67,1213,1
67,1204,1
67,1203,1
67,1202,1
67,1116,1
67,1089,1
67,1088,1
67,1010,1
36,484,1
35,1370,1
73,1471,1
15,680,1
15,580,1
15,363,1
14,286,1
14,285,1
14,106,1
13,1157,1
13,1084,1
13,652,1
13,541,1
13,208,1
13,13,1
12,931,1
12,807,1
12,379,1
12,206,1
12,6,1
11,1136,1
11,543,1
11,536,1
11,442,1
11,33,1
10,10,1
9,882,1
9,881,1
9,880,1
15,638,1
15,875,1
20,569,1
15,1042,1
20,501,1
20,483,1
20,394,1
20,351,1
20,261,1
20,241,1
20,56,1
20,21,1
20,20,1
19,972,1
18,1091,1
18,1084,1
18,890,1
18,652,1
18,594,1
18,541,1
18,509,1
18,485,1
18,484,1
18,208,1
18,94,1
18,18,1
16,1240,1
15,1431,1
15,1113,1
9,879,1
9,873,1
9,872,1
9,672,1
7,606,1
7,572,1
7,569,1
7,541,1
7,522,1
7,483,1
7,258,1
7,250,1
7,225,1
7,7,1
6,1207,1
6,931,1
6,470,1
6,12,1
5,443,1
5,321,1
4,4,1
3,3,1
2,678,1
2,483,1
2,2,1
1,860,1
1,312,1
1,28,1
1,1,1
7,635,1
7,636,1
7,658,1
7,1455,1
9,638,1
9,612,1
9,559,1
9,216,1
9,120,1
9,28,1
8,899,1
8,29,1
8,8,1
7,1466,1
7,1462,1
7,1451,1
7,764,1
7,1330,1
7,1126,1
7,1118,1
7,1116,1
7,1023,1
7,1020,1
7,884,1
7,868,1
7,792,1
7,787,1
7,769,1
20,523,1
20,586,1
35,1360,1
28,580,1
28,552,1
28,548,1
28,526,1
28,447,1
28,316,1
28,312,1
28,251,1
28,230,1
28,216,1
28,159,1
28,134,1
28,28,1
28,24,1
28,9,1
28,1,1
26,1343,1
26,1248,1
26,525,1
25,151,1
24,872,1
24,747,1
24,611,1
24,559,1
24,224,1
24,216,1
28,559,1
28,618,1
20,646,1
28,622,1
35,1270,1
35,325,1
34,1006,1
34,346,1
33,1447,1
33,1136,1
33,1020,1
33,655,1
33,440,1
33,193,1
33,151,1
33,21,1
33,11,1
32,1418,1
32,539,1
31,1057,1
30,30,1
29,1365,1
29,865,1
29,771,1
29,8,1
28,1476,1
28,902,1
28,874,1
28,706,1
24,120,1
24,28,1
24,24,1
23,1264,1
21,438,1
21,388,1
21,369,1
21,359,1
21,247,1
21,138,1
21,113,1
21,73,1
21,47,1
21,33,1
21,21,1
21,20,1
20,1389,1
20,1330,1
20,1248,1
20,1235,1
20,1132,1
20,1084,1
20,1025,1
20,1020,1
20,1010,1
20,776,1
20,695,1
20,655,1
20,652,1
21,459,1
21,483,1
21,484,1
21,1043,1
21,1509,1
21,1481,1
21,1466,1
21,1459,1
21,1330,1
21,1313,1
21,1275,1
21,1230,1
21,1229,1
21,1223,1
21,1212,1
21,1025,1
21,487,1
21,1020,1
21,884,1
21,871,1
21,839,1
21,791,1
21,695,1
21,686,1
21,655,1
21,646,1
21,545,1
21,508,1
73,1462,1
73,1482,1
220,612,1
180,1426,1
179,695,1
179,241,1
178,1118,1
176,1378,1
176,1241,1
176,1214,1
176,1213,1
176,1204,1
176,1116,1
176,1000,1
176,624,1
176,401,1
176,377,1
176,237,1
176,176,1
176,152,1
176,67,1
176,43,1
175,672,1
175,612,1
174,1246,1
174,1135,1
174,715,1
174,619,1
174,610,1
179,1096,1
180,1471,1
192,270,1
181,449,1
191,728,1
191,230,1
191,191,1
191,120,1
190,761,1
189,1116,1
189,606,1
189,395,1
188,1418,1
188,1311,1
188,672,1
188,612,1
188,295,1
188,188,1
187,893,1
187,892,1
187,890,1
187,743,1
187,429,1
186,1176,1
186,1038,1
186,186,1
185,185,1
184,184,1
183,433,1
173,1456,1
173,290,1
170,1000,1
170,999,1
157,569,1
157,487,1
156,156,1
155,1420,1
155,886,1
155,555,1
155,57,1
154,1208,1
153,1365,1
153,1096,1
153,569,1
152,1377,1
152,1234,1
152,1004,1
152,839,1
152,709,1
152,450,1
152,237,1
152,176,1
151,1369,1
151,1136,1
151,796,1
151,686,1
151,247,1
151,151,1
157,769,1
157,771,1
157,1029,1
164,193,1
170,558,1
170,530,1
169,169,1
168,1207,1
166,1207,1
165,984,1
165,461,1
165,374,1
165,165,1
164,1418,1
164,1025,1
164,98,1
157,1127,1
163,437,1
163,37,1
161,1263,1
160,160,1
159,878,1
159,806,1
159,159,1
159,117,1
159,28,1
158,158,1
157,1128,1
191,889,1
193,33,1
151,25,1
214,341,1
211,1223,1
211,211,1
210,945,1
210,944,1
210,231,1
210,210,1
208,1333,1
208,1235,1
208,1119,1
208,1018,1
208,890,1
208,877,1
208,710,1
208,686,1
208,652,1
208,594,1
208,541,1
208,485,1
208,484,1
208,483,1
208,208,1
208,94,1
208,18,1
208,13,1
207,346,1
213,213,1
214,909,1
193,164,1
214,978,1
220,581,1
220,193,1
219,1331,1
219,1330,1
219,547,1
219,510,1
219,376,1
217,1230,1
217,451,1
217,396,1
217,101,1
216,902,1
216,874,1
216,714,1
216,706,1
216,698,1
216,692,1
216,559,1
216,230,1
216,216,1
216,28,1
216,24,1
216,9,1
215,440,1
214,979,1
206,1455,1
206,1441,1
206,1317,1
206,1247,1
196,769,1
196,652,1
196,196,1
195,724,1
193,1341,1
193,1312,1
193,1223,1
193,1148,1
193,1136,1
193,1102,1
193,1025,1
193,770,1
193,742,1
193,695,1
193,646,1
193,606,1
193,601,1
193,568,1
193,536,1
193,510,1
193,483,1
193,470,1
193,440,1
193,243,1
193,220,1
196,1020,1
197,197,1
197,1441,1
206,241,1
206,1218,1
206,1039,1
206,839,1
206,673,1
206,663,1
206,655,1
206,619,1
206,612,1
206,594,1
206,510,1
206,362,1
206,240,1
198,198,1
206,225,1
206,206,1
206,12,1
204,1342,1
203,1311,1
203,995,1
202,949,1
201,1223,1
201,389,1
201,201,1
200,1328,1
151,33,1
150,1116,1
74,74,1
113,569,1
113,523,1
113,495,1
113,485,1
113,484,1
113,483,1
113,440,1
113,351,1
113,113,1
113,21,1
112,112,1
111,1118,1
110,786,1
110,747,1
109,1013,1
109,352,1
108,1441,1
108,108,1
107,107,1
106,1472,1
106,286,1
106,14,1
105,685,1
104,686,1
103,469,1
103,103,1
113,541,1
113,652,1
117,668,1
113,710,1
117,580,1
117,548,1
117,526,1
117,159,1
117,134,1
117,120,1
117,117,1
116,333,1
115,1052,1
115,1035,1
115,402,1
114,1389,1
114,1204,1
114,401,1
114,237,1
114,43,1
113,1331,1
113,1330,1
113,1229,1
113,1084,1
113,1020,1
113,1010,1
113,1009,1
113,1008,1
113,850,1
102,715,1
101,217,1
101,101,1
100,391,1
83,1166,1
82,1204,1
82,401,1
82,237,1
82,43,1
81,1497,1
81,1408,1
81,1240,1
81,1215,1
81,1002,1
81,821,1
81,773,1
81,769,1
81,720,1
81,632,1
81,470,1
81,148,1
81,67,1
78,78,1
77,1471,1
75,1207,1
75,1076,1
75,612,1
75,281,1
75,75,1
84,1418,1
85,85,1
85,541,1
94,887,1
98,1441,1
98,541,1
98,164,1
98,37,1
97,1043,1
97,97,1
96,827,1
95,695,1
94,1455,1
94,1091,1
94,890,1
94,649,1
86,86,1
94,247,1
94,208,1
94,94,1
94,18,1
93,422,1
93,62,1
91,724,1
91,610,1
91,91,1
88,88,1
87,144,1
117,663,1
117,675,1
150,150,1
138,827,1
138,715,1
138,695,1
138,655,1
138,646,1
138,619,1
138,616,1
138,610,1
138,545,1
138,233,1
138,138,1
138,21,1
137,256,1
136,1409,1
136,1145,1
136,610,1
136,136,1
135,931,1
134,873,1
134,683,1
134,663,1
134,649,1
134,558,1
134,526,1
134,224,1
134,134,1
138,748,1
138,979,1
117,683,1
138,1013,1
149,149,1
148,1171,1
148,783,1
148,148,1
148,81,1
147,770,1
145,388,1
145,228,1
145,120,1
144,144,1
144,87,1
142,1116,1
140,779,1
140,541,1
138,1439,1
138,1342,1
138,1313,1
138,1246,1
138,1239,1
138,1232,1
138,1229,1
138,1223,1
138,1212,1
138,1135,1
138,1116,1
134,117,1
134,28,1
133,873,1
133,872,1
120,120,1
120,117,1
120,24,1
120,9,1
119,1378,1
119,1239,1
119,1214,1
119,1213,1
119,1204,1
119,1089,1
119,1001,1
119,545,1
119,401,1
119,237,1
119,119,1
119,43,1
119,40,1
117,1262,1
117,1190,1
117,1071,1
117,902,1
117,870,1
117,728,1
117,721,1
117,698,1
120,145,1
120,191,1
120,230,1
124,857,1
133,589,1
133,558,1
133,133,1
131,425,1
130,717,1
129,418,1
128,1444,1
128,451,1
127,127,1
124,1136,1
124,1124,1
123,123,1
120,341,1
121,1430,1
121,984,1
120,1071,1
120,962,1
120,909,1
120,902,1
120,874,1
120,728,1
120,663,1
120,578,1
120,559,1
456,456,1
457,67,1
692,706,1
618,874,1
618,622,1
618,618,1
618,28,1
617,1321,1
616,1485,1
616,1309,1
616,1301,1
616,1293,1
616,1239,1
616,1022,1
616,871,1
616,834,1
616,825,1
616,779,1
616,674,1
616,646,1
616,572,1
616,545,1
616,541,1
616,508,1
616,433,1
616,372,1
616,138,1
616,67,1
615,1483,1
618,687,1
619,138,1
615,1389,1
619,174,1
622,713,1
622,638,1
622,622,1
622,618,1
622,611,1
622,506,1
622,28,1
621,621,1
621,371,1
620,620,1
620,241,1
619,1230,1
619,1229,1
619,1116,1
619,1041,1
619,1024,1
619,928,1
619,735,1
619,732,1
619,695,1
619,619,1
619,576,1
619,459,1
619,225,1
619,206,1
615,1436,1
615,1363,1
457,241,1
612,763,1
612,650,1
612,405,1
612,361,1
612,295,1
612,293,1
612,281,1
612,220,1
612,206,1
612,188,1
612,175,1
612,75,1
612,9,1
611,1450,1
611,1126,1
611,873,1
611,837,1
611,827,1
611,792,1
611,705,1
611,681,1
611,622,1
611,580,1
611,567,1
611,562,1
611,548,1
612,739,1
612,873,1
615,1084,1
612,1127,1
615,735,1
615,715,1
615,615,1
615,586,1
614,1482,1
614,1293,1
614,893,1
614,892,1
614,890,1
614,878,1
614,747,1
614,743,1
614,692,1
614,680,1
614,649,1
614,628,1
614,614,1
614,253,1
613,1207,1
613,613,1
613,483,1
613,394,1
612,1421,1
612,1371,1
612,1157,1
623,623,1
624,67,1
624,73,1
637,510,1
636,1389,1
636,1377,1
636,1337,1
636,1332,1
636,1239,1
636,1228,1
636,1214,1
636,1213,1
636,1212,1
636,1204,1
636,1114,1
636,1005,1
636,1001,1
636,884,1
636,747,1
636,690,1
636,671,1
636,646,1
636,636,1
636,581,1
636,459,1
636,450,1
636,426,1
636,73,1
636,67,1
637,509,1
637,637,1
624,176,1
637,660,1
641,641,1
641,544,1
641,536,1
640,1431,1
640,1219,1
640,775,1
640,454,1
640,382,1
640,224,1
639,1223,1
638,1014,1
638,901,1
638,872,1
638,672,1
638,638,1
638,622,1
638,251,1
638,15,1
638,9,1
637,1436,1
637,1084,1
637,1058,1
637,1025,1
637,771,1
637,695,1
636,7,1
635,668,1
635,652,1
635,646,1
628,1118,1
628,875,1
628,614,1
627,627,1
627,625,1
627,435,1
627,394,1
626,869,1
626,626,1
626,373,1
626,369,1
625,1311,1
625,935,1
625,627,1
624,1223,1
624,1204,1
624,1059,1
624,1001,1
624,933,1
624,930,1
624,884,1
624,647,1
624,594,1
624,391,1
624,241,1
628,1157,1
630,630,1
631,631,1
633,68,1
635,635,1
635,586,1
635,569,1
635,541,1
635,351,1
635,7,1
634,1324,1
634,544,1
633,1330,1
633,1020,1
633,877,1
632,1417,1
632,81,1
632,1389,1
632,1221,1
632,1157,1
632,884,1
632,821,1
632,735,1
632,715,1
632,710,1
632,632,1
632,466,1
632,244,1
611,543,1
611,447,1
611,24,1
586,1133,1
586,1025,1
586,1023,1
586,1020,1
586,1011,1
586,1010,1
586,1009,1
586,781,1
586,747,1
586,738,1
586,709,1
586,652,1
586,635,1
586,615,1
586,586,1
586,569,1
586,545,1
586,541,1
586,501,1
586,484,1
586,351,1
586,247,1
586,41,1
586,20,1
585,887,1
585,692,1
586,1084,1
586,1135,1
593,1234,1
586,1228,1
593,1118,1
593,1004,1
593,900,1
593,878,1
593,842,1
593,649,1
593,593,1
593,363,1
593,262,1
590,590,1
589,1471,1
589,1444,1
589,956,1
589,828,1
589,133,1
588,1030,1
588,319,1
587,725,1
586,1502,1
586,1466,1
586,1451,1
586,1331,1
586,1330,1
586,1273,1
586,1239,1
585,585,1
585,541,1
585,536,1
585,497,1
579,579,1
579,526,1
578,1190,1
578,804,1
578,740,1
578,730,1
578,544,1
578,224,1
578,120,1
577,1206,1
577,1192,1
577,900,1
577,873,1
577,577,1
576,715,1
576,619,1
574,574,1
573,573,1
572,1485,1
572,1474,1
572,1471,1
572,1377,1
572,1355,1
572,1322,1
572,1300,1
579,884,1
579,990,1
580,15,1
580,747,1
582,1223,1
582,1060,1
582,582,1
581,1116,1
581,747,1
581,715,1
581,636,1
581,581,1
581,220,1
580,1122,1
580,895,1
580,741,1
580,28,1
580,683,1
580,680,1
580,611,1
580,557,1
580,544,1
580,501,1
580,408,1
580,363,1
580,293,1
580,237,1
580,117,1
593,1158,1
593,1431,1
610,1429,1
606,1377,1
606,1177,1
606,1116,1
606,1059,1
606,1005,1
606,999,1
606,884,1
606,715,1
606,501,1
606,459,1
606,247,1
606,193,1
606,189,1
606,73,1
606,67,1
606,7,1
604,604,1
603,680,1
602,602,1
601,903,1
601,244,1
601,193,1
600,1440,1
600,1219,1
600,873,1
600,698,1
606,1257,1
606,1378,1
593,1466,1
606,1471,1
610,1265,1
610,1230,1
610,1135,1
610,1044,1
610,724,1
610,607,1
610,174,1
610,138,1
610,136,1
610,91,1
609,817,1
609,609,1
608,1501,1
608,1214,1
608,1141,1
608,1001,1
608,1000,1
608,999,1
608,608,1
608,483,1
608,401,1
608,237,1
608,43,1
607,1266,1
607,610,1
600,241,1
598,1218,1
598,598,1
597,1246,1
594,1034,1
594,1005,1
594,930,1
594,842,1
594,747,1
594,715,1
594,709,1
594,661,1
594,647,1
594,624,1
594,569,1
594,539,1
594,484,1
594,483,1
594,472,1
594,440,1
594,351,1
594,294,1
594,237,1
594,225,1
594,208,1
594,206,1
594,73,1
594,67,1
594,18,1
594,1108,1
594,1114,1
594,1119,1
596,725,1
597,1223,1
597,1116,1
597,1087,1
597,840,1
597,825,1
597,791,1
597,647,1
597,597,1
596,1118,1
596,1014,1
596,873,1
596,363,1
594,1212,1
596,360,1
595,1466,1
594,1502,1
594,1434,1
594,1389,1
594,1377,1
594,1249,1
594,1235,1
594,1234,1
594,1215,1
594,1213,1
641,683,1
641,730,1
642,253,1
675,672,1
675,117,1
674,1239,1
674,1084,1
674,1022,1
674,674,1
674,652,1
674,646,1
674,616,1
674,569,1
674,545,1
674,541,1
674,483,1
673,1223,1
673,685,1
673,673,1
673,541,1
673,484,1
673,225,1
673,206,1
672,1371,1
672,1260,1
672,871,1
672,837,1
672,675,1
672,638,1
675,541,1
675,685,1
678,1274,1
675,747,1
678,1025,1
678,917,1
678,868,1
678,837,1
678,801,1
678,783,1
678,716,1
678,715,1
678,695,1
678,678,1
678,569,1
678,405,1
678,295,1
678,247,1
678,2,1
677,1499,1
677,1456,1
677,1044,1
677,1043,1
676,1431,1
676,676,1
675,1293,1
675,1280,1
675,1078,1
675,1042,1
672,535,1
672,361,1
672,295,1
672,287,1
665,665,1
665,540,1
665,424,1
664,664,1
663,874,1
663,873,1
663,872,1
663,871,1
663,870,1
663,721,1
663,663,1
663,646,1
663,545,1
663,526,1
663,312,1
663,206,1
663,134,1
663,120,1
663,117,1
662,1098,1
662,783,1
662,697,1
662,662,1
662,564,1
661,1502,1
665,669,1
665,727,1
665,736,1
669,646,1
672,281,1
672,188,1
672,175,1
672,9,1
671,1116,1
671,636,1
671,522,1
669,776,1
669,702,1
669,695,1
669,665,1
669,545,1
665,868,1
669,510,1
669,483,1
668,1190,1
668,668,1
668,635,1
668,535,1
668,117,1
666,874,1
665,1415,1
665,1400,1
665,1375,1
678,1049,1
679,1445,1
661,1223,1
687,818,1
687,659,1
687,649,1
687,618,1
687,539,1
687,526,1
686,1502,1
686,1293,1
686,1260,1
686,1230,1
686,1202,1
686,1117,1
686,1116,1
686,1025,1
686,1005,1
686,899,1
686,761,1
686,747,1
686,738,1
686,723,1
686,709,1
686,697,1
686,695,1
686,686,1
686,545,1
686,487,1
687,687,1
687,870,1
680,15,1
687,878,1
692,692,1
692,614,1
692,585,1
692,287,1
692,216,1
690,1485,1
690,1455,1
690,1434,1
690,1355,1
690,1293,1
690,1223,1
690,1204,1
690,884,1
690,747,1
690,690,1
690,661,1
690,636,1
690,545,1
689,900,1
689,891,1
689,689,1
689,652,1
688,1132,1
688,408,1
687,889,1
686,484,1
686,483,1
686,459,1
686,380,1
683,683,1
683,641,1
683,580,1
683,134,1
683,117,1
682,1322,1
681,1157,1
681,681,1
681,611,1
681,224,1
680,1234,1
680,1190,1
680,1131,1
680,901,1
680,842,1
680,776,1
680,680,1
680,653,1
680,614,1
680,603,1
680,580,1
680,544,1
680,487,1
680,484,1
680,440,1
683,1080,1
683,1138,1
683,1321,1
686,21,1
686,363,1
686,294,1
686,247,1
686,241,1
686,208,1
686,151,1
686,104,1
686,73,1
686,67,1
686,39,1
686,37,1
685,1118,1
683,1431,1
685,873,1
685,685,1
685,675,1
685,673,1
685,558,1
685,555,1
685,535,1
685,287,1
685,105,1
684,964,1
684,684,1
661,1471,1
661,1204,1
642,323,1
650,1436,1
649,1345,1
649,1223,1
649,860,1
649,747,1
649,710,1
649,695,1
649,687,1
649,614,1
649,593,1
649,568,1
649,563,1
649,510,1
649,409,1
649,134,1
649,94,1
647,1322,1
647,1223,1
647,1118,1
647,1116,1
647,1108,1
647,1084,1
647,723,1
647,661,1
647,647,1
647,624,1
650,612,1
651,257,1
652,510,1
651,905,1
652,501,1
652,495,1
652,487,1
652,486,1
652,484,1
652,483,1
652,458,1
652,440,1
652,405,1
652,385,1
652,376,1
652,370,1
652,294,1
652,258,1
652,240,1
652,208,1
652,196,1
652,113,1
652,56,1
652,41,1
652,20,1
652,18,1
652,13,1
651,1143,1
651,1142,1
647,597,1
647,594,1
647,572,1
647,522,1
646,663,1
646,652,1
646,646,1
646,636,1
646,635,1
646,616,1
646,508,1
646,487,1
646,418,1
646,370,1
646,347,1
646,193,1
646,138,1
646,67,1
646,39,1
646,21,1
646,20,1
645,1132,1
644,1230,1
644,644,1
643,695,1
642,642,1
642,535,1
642,394,1
642,363,1
646,669,1
646,674,1
646,771,1
646,1154,1
647,510,1
647,351,1
647,247,1
647,73,1
646,1485,1
646,1415,1
646,1389,1
646,1365,1
646,1355,1
646,1246,1
646,1239,1
646,1148,1
646,801,1
646,1140,1
646,1138,1
646,1116,1
646,1029,1
646,1025,1
646,1022,1
646,1005,1
646,979,1
646,871,1
646,867,1
646,831,1
652,509,1
652,520,1
661,1138,1
658,1392,1
658,1218,1
658,1212,1
658,1210,1
658,1116,1
658,1112,1
658,1038,1
658,884,1
658,846,1
658,842,1
658,840,1
658,825,1
658,756,1
658,747,1
658,658,1
658,484,1
658,426,1
658,351,1
658,315,1
658,73,1
658,7,1
657,1311,1
657,764,1
657,699,1
657,505,1
657,322,1
658,1365,1
658,1439,1
652,523,1
658,1469,1
661,1012,1
661,999,1
661,928,1
661,827,1
661,709,1
661,690,1
661,661,1
661,647,1
661,594,1
661,459,1
661,373,1
661,237,1
661,73,1
661,67,1
660,869,1
660,860,1
660,660,1
660,637,1
660,440,1
660,373,1
659,687,1
659,659,1
659,558,1
659,363,1
658,1471,1
656,656,1
655,1419,1
655,1372,1
655,1274,1
652,1175,1
652,1136,1
652,1125,1
652,1119,1
652,1115,1
652,1084,1
652,1022,1
652,1020,1
652,899,1
652,877,1
652,816,1
652,770,1
652,712,1
652,697,1
652,695,1
652,689,1
652,674,1
652,653,1
652,646,1
652,635,1
652,586,1
652,569,1
652,543,1
652,541,1
652,539,1
652,1330,1
652,1502,1
653,652,1
655,484,1
655,1239,1
655,1019,1
655,1008,1
655,1004,1
655,1003,1
655,770,1
655,722,1
655,716,1
655,569,1
655,541,1
655,508,1
655,483,1
653,680,1
655,359,1
655,225,1
655,206,1
655,138,1
655,68,1
655,33,1
655,21,1
655,20,1
654,698,1
654,654,1
653,1084,1
572,779,1
572,647,1
572,616,1
493,494,1
491,520,1
491,491,1
491,490,1
490,520,1
490,491,1
490,490,1
489,489,1
488,488,1
488,432,1
487,1489,1
487,1451,1
487,1235,1
487,1223,1
487,1133,1
487,1131,1
487,1129,1
487,1084,1
487,1025,1
487,1008,1
487,915,1
487,877,1
487,865,1
487,781,1
487,776,1
487,774,1
492,563,1
493,1163,1
499,499,1
494,423,1
498,792,1
498,498,1
497,1131,1
497,931,1
497,705,1
497,585,1
497,553,1
497,543,1
497,497,1
496,1365,1
496,1009,1
496,569,1
496,541,1
496,496,1
496,485,1
496,484,1
495,1330,1
495,1158,1
495,710,1
495,652,1
495,569,1
495,523,1
495,495,1
495,113,1
494,493,1
487,771,1
487,769,1
487,767,1
487,695,1
486,486,1
486,440,1
485,1441,1
485,1154,1
485,1077,1
485,1020,1
485,496,1
485,485,1
485,258,1
485,208,1
485,113,1
485,18,1
484,1441,1
484,1439,1
484,1369,1
484,1331,1
484,1235,1
484,1175,1
484,1154,1
484,1129,1
484,1084,1
484,1049,1
484,1025,1
484,1020,1
484,1009,1
486,541,1
486,652,1
486,1009,1
487,459,1
487,686,1
487,680,1
487,652,1
487,646,1
487,569,1
487,549,1
487,545,1
487,536,1
487,520,1
487,509,1
487,487,1
487,458,1
486,1084,1
487,457,1
487,411,1
487,376,1
487,369,1
487,258,1
487,157,1
487,67,1
487,36,1
487,21,1
486,1235,1
486,1119,1
498,1126,1
499,826,1
484,877,1
510,669,1
510,649,1
510,647,1
510,637,1
510,571,1
510,510,1
510,426,1
510,292,1
510,258,1
510,240,1
510,225,1
510,219,1
510,206,1
510,193,1
509,1441,1
509,1365,1
509,1335,1
509,1330,1
509,1133,1
509,1084,1
509,1025,1
509,1020,1
509,893,1
509,771,1
509,769,1
509,738,1
510,652,1
510,709,1
499,1182,1
510,721,1
520,491,1
520,490,1
520,487,1
520,484,1
519,519,1
518,393,1
517,517,1
516,516,1
515,1140,1
515,1053,1
515,1001,1
515,999,1
514,1455,1
514,514,1
510,1502,1
510,1166,1
510,1058,1
510,989,1
510,978,1
510,884,1
510,878,1
510,877,1
510,764,1
510,738,1
510,737,1
509,710,1
509,652,1
509,637,1
509,569,1
501,1466,1
501,1418,1
501,1330,1
501,1157,1
501,1132,1
501,1122,1
501,1025,1
501,1020,1
501,1010,1
501,1009,1
501,834,1
501,776,1
501,652,1
501,606,1
501,586,1
501,580,1
501,569,1
501,501,1
501,483,1
501,351,1
501,67,1
501,20,1
500,241,1
499,1420,1
499,1389,1
502,249,1
504,249,1
504,504,1
508,1274,1
509,541,1
509,536,1
509,509,1
509,487,1
509,484,1
509,483,1
509,440,1
509,429,1
509,294,1
509,18,1
508,1485,1
508,655,1
505,317,1
508,646,1
508,616,1
508,545,1
508,522,1
508,508,1
508,440,1
508,359,1
508,21,1
507,507,1
506,622,1
505,657,1
484,915,1
484,866,1
520,523,1
472,474,1
472,472,1
472,388,1
472,361,1
470,1453,1
470,1439,1
470,695,1
470,470,1
470,314,1
470,193,1
470,81,1
470,6,1
469,469,1
469,103,1
468,468,1
467,1471,1
466,1239,1
466,632,1
466,466,1
465,1116,1
465,465,1
464,464,1
463,734,1
463,463,1
462,734,1
462,462,1
472,473,1
472,594,1
480,777,1
472,956,1
480,760,1
480,241,1
479,479,1
479,241,1
478,474,1
477,1430,1
477,1365,1
477,525,1
477,475,1
476,1379,1
476,1223,1
476,695,1
476,476,1
476,361,1
475,1430,1
475,695,1
475,477,1
475,435,1
474,1441,1
474,956,1
474,478,1
474,472,1
473,472,1
472,1441,1
472,1056,1
461,461,1
461,374,1
461,165,1
460,1342,1
459,267,1
459,241,1
459,73,1
459,21,1
458,1365,1
458,1330,1
458,1298,1
458,1020,1
458,787,1
458,771,1
458,652,1
458,541,1
458,487,1
458,458,1
458,227,1
458,224,1
457,1389,1
457,1378,1
457,1214,1
457,1204,1
457,487,1
457,483,1
457,457,1
457,432,1
457,247,1
459,339,1
459,377,1
459,380,1
459,931,1
460,1025,1
460,221,1
459,1377,1
459,1239,1
459,1229,1
459,1223,1
459,1214,1
459,1213,1
459,1204,1
459,1116,1
459,1012,1
459,872,1
459,459,1
459,731,1
459,686,1
459,661,1
459,636,1
459,619,1
459,606,1
459,572,1
459,545,1
459,523,1
459,487,1
459,484,1
480,773,1
480,783,1
484,796,1
484,411,1
484,369,1
484,258,1
484,240,1
484,208,1
484,113,1
484,36,1
484,21,1
484,18,1
483,1502,1
483,1466,1
483,1455,1
483,1453,1
483,1451,1
483,1441,1
483,1434,1
483,1415,1
483,1369,1
483,1274,1
483,1223,1
483,1154,1
483,1148,1
483,1119,1
483,1084,1
483,1077,1
483,1075,1
484,409,1
484,444,1
480,788,1
484,459,1
484,788,1
484,783,1
484,781,1
484,776,1
484,774,1
484,771,1
484,769,1
484,760,1
484,715,1
484,686,1
484,680,1
484,673,1
484,658,1
484,655,1
484,652,1
484,594,1
484,586,1
484,569,1
484,561,1
484,549,1
484,541,1
484,522,1
484,520,1
484,509,1
484,496,1
483,1049,1
483,1025,1
483,1022,1
483,1018,1
483,501,1
483,483,1
483,457,1
483,440,1
483,394,1
483,391,1
483,385,1
483,351,1
483,320,1
483,294,1
483,258,1
483,247,1
483,244,1
483,240,1
483,237,1
483,208,1
483,193,1
483,113,1
483,73,1
483,67,1
483,56,1
483,21,1
483,20,1
483,7,1
483,2,1
483,509,1
483,522,1
483,523,1
483,709,1
483,1017,1
483,977,1
483,873,1
483,823,1
483,796,1
483,776,1
483,771,1
483,767,1
483,738,1
483,721,1
483,710,1
483,695,1
483,539,1
483,686,1
483,674,1
483,669,1
483,655,1
483,652,1
483,613,1
483,608,1
483,594,1
483,570,1
483,569,1
483,541,1
520,520,1
520,569,1
572,459,1
555,1321,1
555,1122,1
555,721,1
555,685,1
555,557,1
555,555,1
555,535,1
555,526,1
555,414,1
555,155,1
554,1361,1
554,775,1
554,558,1
554,293,1
553,887,1
553,553,1
553,497,1
552,552,1
552,535,1
552,28,1
549,549,1
549,487,1
549,484,1
548,1289,1
548,1158,1
548,1113,1
555,1132,1
556,71,1
559,216,1
556,695,1
559,28,1
559,24,1
559,9,1
558,1441,1
558,1361,1
558,1238,1
558,1132,1
558,1071,1
558,763,1
558,685,1
558,659,1
558,558,1
558,554,1
558,526,1
558,170,1
558,134,1
558,133,1
557,1182,1
557,1132,1
557,1131,1
557,1118,1
557,725,1
557,580,1
557,555,1
557,414,1
548,611,1
548,224,1
548,117,1
548,28,1
545,697,1
545,690,1
545,686,1
545,674,1
545,669,1
545,663,1
545,616,1
545,586,1
545,545,1
545,541,1
545,523,1
545,508,1
545,487,1
545,459,1
545,440,1
545,433,1
545,376,1
545,370,1
545,359,1
545,351,1
545,347,1
545,286,1
545,237,1
545,138,1
545,119,1
545,801,1
545,831,1
545,867,1
545,1243,1
547,547,1
547,376,1
547,219,1
546,1058,1
546,931,1
546,546,1
546,435,1
545,1485,1
545,1389,1
545,1355,1
545,1246,1
545,1239,1
545,871,1
545,1204,1
545,1154,1
545,1140,1
545,1138,1
545,1116,1
545,1114,1
545,1025,1
545,1022,1
545,979,1
545,941,1
545,884,1
559,120,1
560,267,1
545,71,1
569,1049,1
569,1020,1
569,1019,1
569,1008,1
569,991,1
569,985,1
569,892,1
569,884,1
569,866,1
569,842,1
569,787,1
569,771,1
569,760,1
569,716,1
569,678,1
569,674,1
569,655,1
569,652,1
569,635,1
569,594,1
569,586,1
569,569,1
569,541,1
569,539,1
569,520,1
569,509,1
569,1022,1
569,1084,1
560,400,1
569,1115,1
572,391,1
572,247,1
572,7,1
571,695,1
571,571,1
571,510,1
570,1204,1
570,570,1
570,483,1
570,401,1
570,237,1
570,43,1
569,1493,1
569,1489,1
569,1451,1
569,1415,1
569,1331,1
569,1330,1
569,1324,1
569,1239,1
569,1234,1
569,1200,1
569,1142,1
569,1133,1
569,1131,1
569,501,1
569,496,1
569,495,1
569,487,1
567,1199,1
567,1191,1
567,1190,1
567,1144,1
567,1046,1
567,873,1
567,828,1
567,804,1
567,611,1
567,567,1
567,224,1
566,1444,1
566,1116,1
566,758,1
564,662,1
564,400,1
563,649,1
563,492,1
562,1146,1
562,611,1
562,562,1
561,1207,1
561,484,1
560,560,1
560,405,1
567,1222,1
567,1445,1
568,193,1
569,247,1
569,484,1
569,483,1
569,440,1
569,376,1
569,370,1
569,369,1
569,355,1
569,323,1
569,294,1
569,281,1
569,258,1
569,157,1
568,294,1
569,153,1
569,113,1
569,67,1
569,41,1
569,20,1
569,7,1
568,1009,1
568,649,1
568,568,1
568,541,1
568,440,1
545,73,1
545,67,1
520,652,1
535,552,1
534,1379,1
532,1329,1
532,1113,1
532,837,1
532,715,1
532,253,1
531,1067,1
531,749,1
530,530,1
530,170,1
529,900,1
528,1015,1
528,695,1
528,241,1
527,1364,1
527,527,1
526,1182,1
526,902,1
526,895,1
526,875,1
526,874,1
526,818,1
526,687,1
526,663,1
526,579,1
535,363,1
535,555,1
539,440,1
535,642,1
538,1444,1
536,1418,1
536,1330,1
536,1282,1
536,1131,1
536,1084,1
536,1080,1
536,1020,1
536,641,1
536,585,1
536,543,1
536,536,1
536,509,1
536,487,1
536,193,1
536,11,1
535,1290,1
535,1231,1
535,1222,1
535,1219,1
535,1046,1
535,873,1
535,685,1
535,672,1
535,668,1
526,558,1
526,555,1
526,409,1
526,134,1
523,377,1
523,373,1
523,370,1
523,369,1
523,351,1
523,258,1
523,113,1
523,41,1
523,20,1
522,1415,1
522,1332,1
522,1318,1
522,1249,1
522,1118,1
522,1116,1
522,671,1
522,647,1
522,522,1
522,508,1
522,484,1
522,483,1
522,7,1
521,317,1
520,1365,1
520,1020,1
523,440,1
523,459,1
523,483,1
524,1000,1
526,117,1
526,28,1
525,1182,1
525,1084,1
525,837,1
525,827,1
525,805,1
525,715,1
525,525,1
525,477,1
525,26,1
524,999,1
523,495,1
524,884,1
524,524,1
523,1129,1
523,1115,1
523,1020,1
523,979,1
523,652,1
523,545,1
523,543,1
523,523,1
523,520,1
539,32,1
539,483,1
545,39,1
541,1506,1
541,1451,1
541,1415,1
541,1355,1
541,1354,1
541,1330,1
541,1154,1
541,1148,1
541,1129,1
541,1123,1
541,1118,1
541,1115,1
541,1084,1
541,1063,1
541,1049,1
541,1022,1
541,1020,1
541,1009,1
541,931,1
541,899,1
541,893,1
541,892,1
541,816,1
541,774,1
541,771,1
541,770,1
541,1455,1
542,1075,1
539,539,1
543,11,1
545,21,1
544,1321,1
544,1190,1
544,1138,1
544,900,1
544,680,1
544,641,1
544,634,1
544,580,1
544,578,1
543,1418,1
543,1330,1
543,1230,1
543,1133,1
543,1131,1
543,1084,1
543,1020,1
543,705,1
543,652,1
543,611,1
543,543,1
543,536,1
543,523,1
543,497,1
543,224,1
541,769,1
541,721,1
541,697,1
541,675,1
541,251,1
541,232,1
541,221,1
541,208,1
541,140,1
541,113,1
541,98,1
541,85,1
541,67,1
541,41,1
541,18,1
541,13,1
541,7,1
540,665,1
540,540,1
539,1493,1
539,1237,1
539,1229,1
539,1226,1
539,715,1
539,687,1
539,652,1
539,594,1
539,569,1
539,541,1
541,258,1
541,294,1
541,330,1
541,541,1
541,674,1
541,673,1
541,655,1
541,652,1
541,635,1
541,616,1
541,586,1
541,585,1
541,569,1
541,568,1
541,545,1
541,539,1
541,351,1
541,509,1
541,496,1
541,486,1
541,484,1
541,483,1
541,458,1
541,444,1
541,440,1
541,394,1
541,370,1
541,369,1
1511,1444,1
